timeStamp,close,high,low,trade_count,open,volume,vwap,date
1756819800000,3.7599,3.86,3.41,5839,3.53,1155247,3.661915,2025-09-02 13:30:00+00:00
1756819860000,3.5501,3.85,3.47,4634,3.7426,845629,3.687863,2025-09-02 13:31:00+00:00
1756819920000,3.6403,3.71,3.49,2807,3.5597,550400,3.592622,2025-09-02 13:32:00+00:00
1756819980000,3.46,3.69,3.45,2207,3.64,444535,3.551873,2025-09-02 13:33:00+00:00
1756820040000,3.3898,3.47,3.26,3681,3.46,679008,3.336063,2025-09-02 13:34:00+00:00
1756820100000,3.4183,3.4642,3.37,1546,3.38,244652,3.416466,2025-09-02 13:35:00+00:00
1756820160000,3.3697,3.45,3.33,1130,3.41,181707,3.379454,2025-09-02 13:36:00+00:00
1756820220000,3.39,3.41,3.24,1408,3.36,326379,3.319114,2025-09-02 13:37:00+00:00
1756820280000,3.35,3.4076,3.28,728,3.39,130518,3.336728,2025-09-02 13:38:00+00:00
1756820340000,3.26,3.36,3.23,810,3.35,186043,3.302393,2025-09-02 13:39:00+00:00
1756820400000,3.31,3.4199,3.26,877,3.265,210247,3.31978,2025-09-02 13:40:00+00:00
1756820460000,3.2301,3.32,3.23,840,3.31,164497,3.263212,2025-09-02 13:41:00+00:00
1756820520000,3.2946,3.34,3.22,657,3.23,143768,3.286827,2025-09-02 13:42:00+00:00
1756820580000,3.3332,3.38,3.27,695,3.29,115834,3.323132,2025-09-02 13:43:00+00:00
1756820640000,3.3599,3.4,3.28,599,3.34,107385,3.345726,2025-09-02 13:44:00+00:00
1756820700000,3.39,3.45,3.34,1246,3.3405,230303,3.406791,2025-09-02 13:45:00+00:00
1756820760000,3.385,3.3901,3.33,558,3.3901,114870,3.36068,2025-09-02 13:46:00+00:00
1756820820000,3.5099,3.56,3.36,1507,3.38,288895,3.463761,2025-09-02 13:47:00+00:00
1756820880000,3.4013,3.5216,3.4,1008,3.5,223823,3.473436,2025-09-02 13:48:00+00:00
1756820940000,3.45,3.49,3.4,412,3.4,102851,3.448291,2025-09-02 13:49:00+00:00
1756821000000,3.525,3.56,3.42,1299,3.46,295212,3.50231,2025-09-02 13:50:00+00:00
1756821060000,3.5581,3.64,3.49,1760,3.51,391937,3.560849,2025-09-02 13:51:00+00:00
1756821120000,3.43,3.57,3.41,1057,3.55,213099,3.474349,2025-09-02 13:52:00+00:00
1756821180000,3.4642,3.49,3.42,497,3.43,99573,3.447648,2025-09-02 13:53:00+00:00
1756821240000,3.422,3.46,3.36,726,3.46,151326,3.4112,2025-09-02 13:54:00+00:00
1756821300000,3.43,3.49,3.419,465,3.4202,118385,3.449424,2025-09-02 13:55:00+00:00
1756821360000,3.45,3.45,3.39,407,3.43,82173,3.414855,2025-09-02 13:56:00+00:00
1756821420000,3.545,3.555,3.44,598,3.45,138835,3.486971,2025-09-02 13:57:00+00:00
1756821480000,3.635,3.72,3.51,1389,3.5499,315195,3.594464,2025-09-02 13:58:00+00:00
1756821540000,3.68,3.75,3.5601,2214,3.64,444258,3.674532,2025-09-02 13:59:00+00:00
1756821600000,3.5,3.7,3.47,2090,3.68,441756,3.573751,2025-09-02 14:00:00+00:00
1756821660000,3.6,3.616,3.49,778,3.5199,127451,3.571037,2025-09-02 14:01:00+00:00
1756821720000,3.52,3.6339,3.51,770,3.59,154077,3.571381,2025-09-02 14:02:00+00:00
1756821780000,3.55,3.57,3.5097,510,3.53,88524,3.542312,2025-09-02 14:03:00+00:00
1756821840000,3.3178,3.57,3.27,2214,3.55,398200,3.37982,2025-09-02 14:04:00+00:00
1756821900000,3.3602,3.4,3.3,876,3.3001,165561,3.357967,2025-09-02 14:05:00+00:00
1756821960000,3.465,3.52,3.35,777,3.36,144997,3.440875,2025-09-02 14:06:00+00:00
1756822020000,3.43,3.48,3.41,447,3.4553,67419,3.447071,2025-09-02 14:07:00+00:00
1756822080000,3.4542,3.53,3.4307,546,3.44,114262,3.491227,2025-09-02 14:08:00+00:00
1756822140000,3.5411,3.57,3.4501,399,3.4501,84878,3.529279,2025-09-02 14:09:00+00:00
1756822200000,3.4946,3.57,3.49,390,3.55,64213,3.531807,2025-09-02 14:10:00+00:00
1756822260000,3.48,3.56,3.47,292,3.49,61211,3.502463,2025-09-02 14:11:00+00:00
1756822320000,3.43,3.4799,3.41,355,3.47,53915,3.443618,2025-09-02 14:12:00+00:00
1756822380000,3.4,3.45,3.39,294,3.45,62626,3.42192,2025-09-02 14:13:00+00:00
1756822440000,3.4299,3.43,3.39,186,3.4,34824,3.406144,2025-09-02 14:14:00+00:00
1756822500000,3.44,3.44,3.39,242,3.4201,62011,3.403476,2025-09-02 14:15:00+00:00
1756822560000,3.4406,3.49,3.43,230,3.44,32859,3.453627,2025-09-02 14:16:00+00:00
1756822620000,3.4203,3.4599,3.39,177,3.432,41689,3.415895,2025-09-02 14:17:00+00:00
1756822680000,3.4,3.415,3.37,203,3.414,50903,3.393206,2025-09-02 14:18:00+00:00
1756822740000,3.3899,3.42,3.35,394,3.39,100790,3.383959,2025-09-02 14:19:00+00:00
1756822800000,3.3679,3.39,3.34,251,3.37,70483,3.368878,2025-09-02 14:20:00+00:00
1756822860000,3.4,3.42,3.35,248,3.375,35326,3.390459,2025-09-02 14:21:00+00:00
1756822920000,3.34,3.41,3.33,296,3.39,51602,3.353447,2025-09-02 14:22:00+00:00
1756822980000,3.3222,3.3687,3.32,236,3.34,48292,3.34151,2025-09-02 14:23:00+00:00
1756823040000,3.35,3.36,3.32,129,3.33,27728,3.348974,2025-09-02 14:24:00+00:00
1756823100000,3.3301,3.36,3.32,186,3.3484,31921,3.344995,2025-09-02 14:25:00+00:00
1756823160000,3.3302,3.35,3.3284,162,3.3284,30931,3.336904,2025-09-02 14:26:00+00:00
1756823220000,3.35,3.37,3.3301,128,3.331,24026,3.357639,2025-09-02 14:27:00+00:00
1756823280000,3.3432,3.3694,3.34,86,3.3484,23777,3.351886,2025-09-02 14:28:00+00:00
1756823340000,3.35,3.355,3.34,139,3.34,32243,3.342418,2025-09-02 14:29:00+00:00
1756823400000,3.3701,3.3868,3.32,299,3.3554,80172,3.346095,2025-09-02 14:30:00+00:00
1756823460000,3.31,3.3747,3.3,387,3.3747,83788,3.328544,2025-09-02 14:31:00+00:00
1756823520000,3.32,3.33,3.3,149,3.3101,25986,3.307835,2025-09-02 14:32:00+00:00
1756823580000,3.23,3.31,3.21,1069,3.31,211123,3.239598,2025-09-02 14:33:00+00:00
1756823640000,3.28,3.31,3.22,309,3.24,46294,3.265472,2025-09-02 14:34:00+00:00
1756823700000,3.3,3.32,3.28,125,3.28,25925,3.29749,2025-09-02 14:35:00+00:00
1756823760000,3.34,3.34,3.3,125,3.31,21995,3.31455,2025-09-02 14:36:00+00:00
1756823820000,3.3395,3.37,3.32,189,3.3398,43530,3.342758,2025-09-02 14:37:00+00:00
1756823880000,3.33,3.34,3.32,76,3.34,14482,3.327037,2025-09-02 14:38:00+00:00
1756823940000,3.31,3.33,3.28,147,3.3293,39915,3.30305,2025-09-02 14:39:00+00:00
1756824000000,3.2814,3.32,3.28,200,3.3,30766,3.295767,2025-09-02 14:40:00+00:00
1756824060000,3.28,3.3,3.26,148,3.3,33666,3.283887,2025-09-02 14:41:00+00:00
1756824120000,3.3,3.3,3.28,80,3.28,17041,3.284428,2025-09-02 14:42:00+00:00
1756824180000,3.2542,3.29,3.25,108,3.29,22157,3.259463,2025-09-02 14:43:00+00:00
1756824240000,3.24,3.26,3.21,369,3.25,71487,3.22359,2025-09-02 14:44:00+00:00
1756824300000,3.28,3.33,3.24,274,3.24,66243,3.277854,2025-09-02 14:45:00+00:00
1756824360000,3.2722,3.29,3.27,72,3.29,5646,3.279559,2025-09-02 14:46:00+00:00
1756824420000,3.3099,3.3121,3.28,111,3.2882,14785,3.299348,2025-09-02 14:47:00+00:00
1756824480000,3.3279,3.33,3.2985,138,3.3058,32619,3.314122,2025-09-02 14:48:00+00:00
1756824540000,3.3258,3.34,3.32,72,3.32,13152,3.329818,2025-09-02 14:49:00+00:00
1756824600000,3.2965,3.35,3.25,143,3.3298,29699,3.294155,2025-09-02 14:50:00+00:00
1756824660000,3.3,3.31,3.27,158,3.295,27064,3.287049,2025-09-02 14:51:00+00:00
1756824720000,3.3084,3.32,3.3,66,3.3,6416,3.306995,2025-09-02 14:52:00+00:00
1756824780000,3.305,3.31,3.29,60,3.29,7216,3.303576,2025-09-02 14:53:00+00:00
1756824840000,3.27,3.308,3.26,96,3.308,15946,3.279245,2025-09-02 14:54:00+00:00
1756824900000,3.2709,3.28,3.23,111,3.2709,18476,3.260149,2025-09-02 14:55:00+00:00
1756824960000,3.29,3.32,3.27,149,3.272,35776,3.294708,2025-09-02 14:56:00+00:00
1756825020000,3.2954,3.2954,3.26,59,3.27,7129,3.27877,2025-09-02 14:57:00+00:00
1756825080000,3.29,3.295,3.28,70,3.29,12865,3.285406,2025-09-02 14:58:00+00:00
1756825140000,3.33,3.36,3.295,241,3.295,61263,3.327744,2025-09-02 14:59:00+00:00
1756825200000,3.3128,3.35,3.3,196,3.3399,39235,3.333188,2025-09-02 15:00:00+00:00
1756825260000,3.4084,3.46,3.32,744,3.3399,217547,3.409691,2025-09-02 15:01:00+00:00
1756825320000,3.31,3.4346,3.31,786,3.42,131516,3.350019,2025-09-02 15:02:00+00:00
1756825380000,3.35,3.37,3.31,224,3.31,23625,3.339478,2025-09-02 15:03:00+00:00
1756825440000,3.3321,3.36,3.32,137,3.3494,21522,3.332477,2025-09-02 15:04:00+00:00
1756825500000,3.32,3.3318,3.31,123,3.3301,22148,3.315414,2025-09-02 15:05:00+00:00
1756825560000,3.26,3.3499,3.24,303,3.311,47677,3.289903,2025-09-02 15:06:00+00:00
1756825620000,3.2685,3.29,3.26,153,3.26,24097,3.27291,2025-09-02 15:07:00+00:00
1756825680000,3.29,3.3,3.268,116,3.2715,12841,3.278357,2025-09-02 15:08:00+00:00
1756825740000,3.35,3.35,3.2854,101,3.2854,18834,3.324161,2025-09-02 15:09:00+00:00
1756825800000,3.28,3.34,3.26,247,3.33,35443,3.296553,2025-09-02 15:10:00+00:00
1756825860000,3.3068,3.31,3.28,112,3.2897,7702,3.292181,2025-09-02 15:11:00+00:00
1756825920000,3.35,3.35,3.29,53,3.29,14313,3.319401,2025-09-02 15:12:00+00:00
1756825980000,3.36,3.38,3.32,152,3.34,27861,3.348804,2025-09-02 15:13:00+00:00
1756826040000,3.3192,3.36,3.3,112,3.345,29449,3.335044,2025-09-02 15:14:00+00:00
1756826100000,3.37,3.39,3.31,176,3.33,30850,3.361815,2025-09-02 15:15:00+00:00
1756826160000,3.39,3.45,3.3694,289,3.37,71827,3.40536,2025-09-02 15:16:00+00:00
1756826220000,3.3685,3.4,3.36,96,3.3701,27945,3.380373,2025-09-02 15:17:00+00:00
1756826280000,3.4,3.4,3.361,61,3.362,8273,3.389423,2025-09-02 15:18:00+00:00
1756826340000,3.41,3.42,3.39,158,3.39,32392,3.404064,2025-09-02 15:19:00+00:00
1756826400000,3.4,3.45,3.39,178,3.405,63919,3.406308,2025-09-02 15:20:00+00:00
1756826460000,3.37,3.4,3.34,233,3.4,27536,3.374781,2025-09-02 15:21:00+00:00
1756826520000,3.3,3.37,3.27,326,3.37,39639,3.313225,2025-09-02 15:22:00+00:00
1756826580000,3.28,3.3099,3.26,187,3.2909,49049,3.279907,2025-09-02 15:23:00+00:00
1756826640000,3.314,3.314,3.2642,97,3.2719,22672,3.286136,2025-09-02 15:24:00+00:00
1756826700000,3.29,3.31,3.28,75,3.2801,10509,3.291933,2025-09-02 15:25:00+00:00
1756826760000,3.28,3.3199,3.26,83,3.304,14078,3.290631,2025-09-02 15:26:00+00:00
1756826820000,3.32,3.32,3.2614,103,3.27,14852,3.300393,2025-09-02 15:27:00+00:00
1756826880000,3.22,3.33,3.21,427,3.31,74590,3.249346,2025-09-02 15:28:00+00:00
1756826940000,3.15,3.24,3.066,906,3.225,181127,3.132848,2025-09-02 15:29:00+00:00
1756827000000,3.15,3.17,3.11,317,3.13,57687,3.145938,2025-09-02 15:30:00+00:00
1756827060000,3.19,3.19,3.137,241,3.154,39941,3.173225,2025-09-02 15:31:00+00:00
1756827120000,3.16,3.2,3.14,170,3.2,26244,3.169688,2025-09-02 15:32:00+00:00
1756827180000,3.19,3.1999,3.16,164,3.17,15177,3.177474,2025-09-02 15:33:00+00:00
1756827240000,3.2007,3.23,3.18,113,3.19,21656,3.209332,2025-09-02 15:34:00+00:00
1756827300000,3.154,3.2,3.15,149,3.2,15488,3.168013,2025-09-02 15:35:00+00:00
1756827360000,3.23,3.23,3.15,187,3.1506,30841,3.196946,2025-09-02 15:36:00+00:00
1756827420000,3.24,3.28,3.2,170,3.21,24632,3.250464,2025-09-02 15:37:00+00:00
1756827480000,3.22,3.25,3.2,102,3.25,17188,3.221213,2025-09-02 15:38:00+00:00
1756827540000,3.22,3.265,3.2016,143,3.24,13102,3.240064,2025-09-02 15:39:00+00:00
1756827600000,3.2099,3.23,3.19,39,3.2015,6537,3.213793,2025-09-02 15:40:00+00:00
1756827660000,3.1839,3.21,3.1743,89,3.2099,7948,3.190677,2025-09-02 15:41:00+00:00
1756827720000,3.17,3.2,3.16,74,3.2,6317,3.165391,2025-09-02 15:42:00+00:00
1756827780000,3.18,3.2,3.16,109,3.16,16082,3.181336,2025-09-02 15:43:00+00:00
1756827840000,3.16,3.19,3.16,56,3.185,10065,3.175133,2025-09-02 15:44:00+00:00
1756827900000,3.1613,3.18,3.16,36,3.16,4307,3.16625,2025-09-02 15:45:00+00:00
1756827960000,3.18,3.195,3.16,57,3.17,11927,3.173086,2025-09-02 15:46:00+00:00
1756828020000,3.1611,3.18,3.16,79,3.162,15378,3.166638,2025-09-02 15:47:00+00:00
1756828080000,3.09,3.17,3.06,359,3.165,56450,3.100612,2025-09-02 15:48:00+00:00
1756828140000,3.11,3.14,3.08,91,3.08,27113,3.106666,2025-09-02 15:49:00+00:00
1756828200000,3.11,3.1292,3.1,52,3.1292,14673,3.115185,2025-09-02 15:50:00+00:00
1756828260000,3.095,3.11,3.09,85,3.1,13364,3.103188,2025-09-02 15:51:00+00:00
1756828320000,3.1542,3.17,3.095,133,3.098,40741,3.130017,2025-09-02 15:52:00+00:00
1756828380000,3.18,3.21,3.1317,128,3.1317,29191,3.181527,2025-09-02 15:53:00+00:00
1756828440000,3.19,3.22,3.169,97,3.17,7625,3.195158,2025-09-02 15:54:00+00:00
1756828500000,3.19,3.21,3.17,78,3.18,12226,3.179973,2025-09-02 15:55:00+00:00
1756828560000,3.17,3.208,3.17,34,3.2,4336,3.20074,2025-09-02 15:56:00+00:00
1756828620000,3.16,3.18,3.15,50,3.18,18442,3.166706,2025-09-02 15:57:00+00:00
1756828680000,3.1783,3.22,3.17,93,3.17,15161,3.193963,2025-09-02 15:58:00+00:00
1756828740000,3.185,3.2,3.1759,30,3.2,17656,3.197578,2025-09-02 15:59:00+00:00
1756828800000,3.19,3.2,3.1737,47,3.19,7008,3.19723,2025-09-02 16:00:00+00:00
1756828860000,3.1801,3.25,3.18,73,3.2,19238,3.194274,2025-09-02 16:01:00+00:00
1756828920000,3.16,3.23,3.16,33,3.23,8387,3.188687,2025-09-02 16:02:00+00:00
1756828980000,3.14,3.18,3.14,52,3.18,6808,3.166072,2025-09-02 16:03:00+00:00
1756829040000,3.1313,3.18,3.1313,170,3.1412,19220,3.147739,2025-09-02 16:04:00+00:00
1756829100000,3.1,3.16,3.07,181,3.13,41806,3.106411,2025-09-02 16:05:00+00:00
1756829160000,3.1247,3.13,3.104,54,3.1103,8082,3.115554,2025-09-02 16:06:00+00:00
1756829220000,3.07,3.11,3.06,75,3.11,13383,3.088257,2025-09-02 16:07:00+00:00
1756829280000,3.08,3.09,3.07,74,3.08,20871,3.080087,2025-09-02 16:08:00+00:00
1756829340000,3.08,3.09,3.07,55,3.08,11416,3.075258,2025-09-02 16:09:00+00:00
1756829400000,3.09,3.1,3.07,82,3.08,13363,3.085475,2025-09-02 16:10:00+00:00
1756829460000,3.03,3.1,3.03,207,3.0995,40972,3.059312,2025-09-02 16:11:00+00:00
1756829520000,3.04,3.0598,3.0,314,3.03,97462,3.015962,2025-09-02 16:12:00+00:00
1756829580000,3.0101,3.05,3.0101,106,3.05,23951,3.032804,2025-09-02 16:13:00+00:00
1756829640000,3.0233,3.0303,3.0,91,3.0142,18144,3.011273,2025-09-02 16:14:00+00:00
1756829700000,3.01,3.04,3.0,65,3.024,16600,3.013366,2025-09-02 16:15:00+00:00
1756829760000,3.0199,3.0279,3.0018,33,3.0018,8783,3.016228,2025-09-02 16:16:00+00:00
1756829820000,3.01,3.02,3.0,59,3.014,9396,3.005909,2025-09-02 16:17:00+00:00
1756829880000,3.04,3.04,3.0,164,3.0,37516,3.010111,2025-09-02 16:18:00+00:00
1756829940000,2.9997,3.04,2.9997,56,3.0224,9016,3.016885,2025-09-02 16:19:00+00:00
1756830000000,3.0224,3.04,2.99,108,3.0,24148,3.01558,2025-09-02 16:20:00+00:00
1756830060000,3.0,3.03,2.9997,39,3.02,10515,3.007671,2025-09-02 16:21:00+00:00
1756830120000,2.9635,2.995,2.92,224,2.9911,51143,2.955263,2025-09-02 16:22:00+00:00
1756830180000,2.9011,2.9663,2.89,358,2.965,93156,2.911562,2025-09-02 16:23:00+00:00
1756830240000,2.85,2.9,2.8,464,2.9,124854,2.835753,2025-09-02 16:24:00+00:00
1756830300000,2.83,2.875,2.8,313,2.86,103094,2.832257,2025-09-02 16:25:00+00:00
1756830360000,2.7683,2.83,2.75,357,2.8201,95898,2.782394,2025-09-02 16:26:00+00:00
1756830420000,2.765,2.8,2.72,375,2.7535,87458,2.758457,2025-09-02 16:27:00+00:00
1756830480000,2.7701,2.78,2.75,103,2.76,23424,2.768888,2025-09-02 16:28:00+00:00
1756830540000,2.76,2.7765,2.74,135,2.7765,36289,2.754544,2025-09-02 16:29:00+00:00
1756830600000,2.78,2.82,2.755,204,2.755,44805,2.787399,2025-09-02 16:30:00+00:00
1756830660000,2.785,2.88,2.78,178,2.79,47283,2.802488,2025-09-02 16:31:00+00:00
1756830720000,2.7997,2.82,2.78,131,2.785,30373,2.791607,2025-09-02 16:32:00+00:00
1756830780000,2.7308,2.7936,2.72,139,2.79,36381,2.747486,2025-09-02 16:33:00+00:00
1756830840000,2.795,2.81,2.735,257,2.74,50407,2.790094,2025-09-02 16:34:00+00:00
1756830900000,2.78,2.7992,2.76,76,2.7988,13640,2.775755,2025-09-02 16:35:00+00:00
1756830960000,2.7535,2.78,2.741,68,2.7615,22380,2.758326,2025-09-02 16:36:00+00:00
1756831020000,2.8,2.8,2.74,121,2.74,17984,2.770433,2025-09-02 16:37:00+00:00
1756831080000,2.775,2.7977,2.775,41,2.79,8374,2.778741,2025-09-02 16:38:00+00:00
1756831140000,2.765,2.78,2.75,84,2.78,15545,2.765625,2025-09-02 16:39:00+00:00
1756831200000,2.78,2.7899,2.7609,31,2.762,3773,2.767276,2025-09-02 16:40:00+00:00
1756831260000,2.8,2.83,2.78,177,2.78,36459,2.806318,2025-09-02 16:41:00+00:00
1756831320000,2.81,2.82,2.7917,96,2.8,14325,2.806304,2025-09-02 16:42:00+00:00
1756831380000,2.78,2.82,2.77,86,2.82,23918,2.793286,2025-09-02 16:43:00+00:00
1756831440000,2.79,2.79,2.77,50,2.77,7882,2.774218,2025-09-02 16:44:00+00:00
1756831500000,2.78,2.81,2.78,45,2.7872,8152,2.786697,2025-09-02 16:45:00+00:00
1756831560000,2.78,2.79,2.78,66,2.78,10236,2.781616,2025-09-02 16:46:00+00:00
1756831620000,2.76,2.7836,2.76,67,2.7801,11232,2.77507,2025-09-02 16:47:00+00:00
1756831680000,2.78,2.78,2.76,27,2.76,4369,2.761186,2025-09-02 16:48:00+00:00
1756831740000,2.8,2.8499,2.78,54,2.7899,21149,2.800539,2025-09-02 16:49:00+00:00
1756831800000,2.81,2.82,2.8,32,2.8058,6727,2.811058,2025-09-02 16:50:00+00:00
1756831860000,2.815,2.83,2.815,39,2.815,13972,2.820237,2025-09-02 16:51:00+00:00
1756831920000,2.815,2.82,2.81,32,2.81,3822,2.814899,2025-09-02 16:52:00+00:00
1756831980000,2.8101,2.83,2.81,29,2.815,6001,2.815651,2025-09-02 16:53:00+00:00
1756832040000,2.82,2.84,2.82,60,2.8201,14428,2.824668,2025-09-02 16:54:00+00:00
1756832100000,2.785,2.83,2.77,99,2.83,45533,2.797267,2025-09-02 16:55:00+00:00
1756832160000,2.77,2.78,2.77,31,2.78,4371,2.772406,2025-09-02 16:56:00+00:00
1756832220000,2.665,2.775,2.63,455,2.775,120129,2.683919,2025-09-02 16:57:00+00:00
1756832280000,2.6,2.67,2.57,405,2.66,84735,2.610119,2025-09-02 16:58:00+00:00
1756832340000,2.59,2.61,2.57,156,2.5816,30927,2.592807,2025-09-02 16:59:00+00:00
1756832400000,2.615,2.615,2.57,93,2.5878,19771,2.598279,2025-09-02 17:00:00+00:00
1756832460000,2.6388,2.67,2.61,150,2.62,33499,2.633853,2025-09-02 17:01:00+00:00
1756832520000,2.61,2.63,2.6,70,2.63,24245,2.61191,2025-09-02 17:02:00+00:00
1756832580000,2.6043,2.615,2.6004,23,2.6107,13438,2.608913,2025-09-02 17:03:00+00:00
1756832640000,2.65,2.67,2.6,101,2.6,24767,2.635131,2025-09-02 17:04:00+00:00
1756832700000,2.63,2.6501,2.6221,41,2.65,15183,2.641573,2025-09-02 17:05:00+00:00
1756832760000,2.586,2.62,2.55,149,2.62,48645,2.584419,2025-09-02 17:06:00+00:00
1756832820000,2.58,2.6,2.56,64,2.58,9383,2.577615,2025-09-02 17:07:00+00:00
1756832880000,2.5637,2.59,2.5637,59,2.58,34132,2.580558,2025-09-02 17:08:00+00:00
1756832940000,2.5781,2.58,2.56,24,2.57,6858,2.57322,2025-09-02 17:09:00+00:00
1756833000000,2.6,2.64,2.5619,81,2.5619,22691,2.61408,2025-09-02 17:10:00+00:00
1756833060000,2.605,2.61,2.58,89,2.6087,21245,2.600749,2025-09-02 17:11:00+00:00
1756833120000,2.615,2.63,2.61,21,2.61,3880,2.613792,2025-09-02 17:12:00+00:00
1756833180000,2.6,2.62,2.58,47,2.61,18905,2.601828,2025-09-02 17:13:00+00:00
1756833240000,2.5846,2.6,2.58,33,2.6,6324,2.589369,2025-09-02 17:14:00+00:00
1756833300000,2.58,2.59,2.58,36,2.59,4629,2.586536,2025-09-02 17:15:00+00:00
1756833360000,2.59,2.59,2.58,23,2.5801,5656,2.585915,2025-09-02 17:16:00+00:00
1756833420000,2.6176,2.62,2.58,33,2.59,13365,2.589615,2025-09-02 17:17:00+00:00
1756833480000,2.608,2.63,2.6,60,2.61,9271,2.613071,2025-09-02 17:18:00+00:00
1756833540000,2.6201,2.66,2.6,63,2.6,26155,2.636829,2025-09-02 17:19:00+00:00
1756833600000,2.61,2.62,2.61,10,2.62,1115,2.613171,2025-09-02 17:20:00+00:00
1756833660000,2.63,2.65,2.625,40,2.625,4442,2.637258,2025-09-02 17:21:00+00:00
1756833720000,2.62,2.65,2.6149,52,2.64,21520,2.62781,2025-09-02 17:22:00+00:00
1756833780000,2.605,2.62,2.6,43,2.62,5766,2.609194,2025-09-02 17:23:00+00:00
1756833840000,2.62,2.62,2.6,24,2.605,3220,2.605378,2025-09-02 17:24:00+00:00
1756833900000,2.6101,2.6284,2.6,12,2.6215,4032,2.612419,2025-09-02 17:25:00+00:00
1756833960000,2.64,2.66,2.61,69,2.63,14719,2.640073,2025-09-02 17:26:00+00:00
1756834020000,2.64,2.66,2.64,25,2.6585,7512,2.651327,2025-09-02 17:27:00+00:00
1756834080000,2.65,2.65,2.64,19,2.64,13461,2.645026,2025-09-02 17:28:00+00:00
1756834140000,2.608,2.64,2.6,76,2.64,13042,2.625261,2025-09-02 17:29:00+00:00
1756834200000,2.62,2.62,2.61,20,2.6196,2974,2.615294,2025-09-02 17:30:00+00:00
1756834260000,2.64,2.6699,2.61,188,2.63,26148,2.647676,2025-09-02 17:31:00+00:00
1756834320000,2.63,2.6344,2.61,25,2.625,8676,2.622556,2025-09-02 17:32:00+00:00
1756834380000,2.62,2.621,2.62,9,2.621,6475,2.620486,2025-09-02 17:33:00+00:00
1756834440000,2.58,2.62,2.58,56,2.62,17863,2.594419,2025-09-02 17:34:00+00:00
1756834500000,2.5799,2.59,2.57,30,2.5883,5338,2.575108,2025-09-02 17:35:00+00:00
1756834560000,2.55,2.58,2.55,60,2.57,14372,2.55805,2025-09-02 17:36:00+00:00
1756834620000,2.56,2.5638,2.55,33,2.56,6637,2.55332,2025-09-02 17:37:00+00:00
1756834680000,2.5435,2.56,2.54,62,2.56,23001,2.545489,2025-09-02 17:38:00+00:00
1756834740000,2.53,2.5447,2.52,38,2.54,7739,2.537638,2025-09-02 17:39:00+00:00
1756834800000,2.57,2.57,2.5304,46,2.5428,13840,2.549008,2025-09-02 17:40:00+00:00
1756834860000,2.54,2.57,2.534,19,2.57,8208,2.562462,2025-09-02 17:41:00+00:00
1756834920000,2.5316,2.5318,2.53,7,2.53,9131,2.530203,2025-09-02 17:42:00+00:00
1756834980000,2.5419,2.5419,2.54,21,2.54,2506,2.540174,2025-09-02 17:43:00+00:00
1756835040000,2.5437,2.5437,2.54,9,2.54,814,2.542378,2025-09-02 17:44:00+00:00
1756835100000,2.58,2.58,2.5554,19,2.5574,9010,2.563168,2025-09-02 17:45:00+00:00
1756835160000,2.53,2.565,2.53,25,2.565,2664,2.54236,2025-09-02 17:46:00+00:00
1756835220000,2.55,2.55,2.534,10,2.5439,4337,2.542214,2025-09-02 17:47:00+00:00
1756835280000,2.545,2.55,2.53,18,2.54,11232,2.549492,2025-09-02 17:48:00+00:00
1756835340000,2.5301,2.5499,2.53,28,2.5486,3269,2.535587,2025-09-02 17:49:00+00:00
1756835400000,2.5499,2.5499,2.52,12,2.5292,4495,2.540007,2025-09-02 17:50:00+00:00
1756835460000,2.52,2.56,2.52,42,2.54,15933,2.537514,2025-09-02 17:51:00+00:00
1756835520000,2.525,2.5399,2.52,26,2.5237,2599,2.524041,2025-09-02 17:52:00+00:00
1756835580000,2.52,2.521,2.52,10,2.521,1053,2.520583,2025-09-02 17:53:00+00:00
1756835640000,2.505,2.5202,2.49,120,2.52,18722,2.507964,2025-09-02 17:54:00+00:00
1756835700000,2.51,2.51,2.47,94,2.49,18314,2.486828,2025-09-02 17:55:00+00:00
1756835760000,2.53,2.5374,2.5108,48,2.5108,7296,2.521103,2025-09-02 17:56:00+00:00
1756835820000,2.57,2.59,2.5221,39,2.55,14430,2.570949,2025-09-02 17:57:00+00:00
1756835880000,2.6199,2.62,2.575,127,2.58,17059,2.598752,2025-09-02 17:58:00+00:00
1756835940000,2.6191,2.62,2.6,25,2.61,6543,2.606897,2025-09-02 17:59:00+00:00
1756836000000,2.6,2.63,2.5899,64,2.62,12083,2.61098,2025-09-02 18:00:00+00:00
1756836060000,2.58,2.585,2.58,8,2.585,1004,2.580616,2025-09-02 18:01:00+00:00
1756836120000,2.59,2.59,2.5783,27,2.5814,4230,2.583875,2025-09-02 18:02:00+00:00
1756836180000,2.63,2.635,2.59,58,2.59,9586,2.618068,2025-09-02 18:03:00+00:00
1756836240000,2.6,2.6342,2.58,60,2.6287,25084,2.622461,2025-09-02 18:04:00+00:00
1756836300000,2.6,2.6016,2.6,3,2.6016,601,2.601067,2025-09-02 18:05:00+00:00
1756836360000,2.575,2.6,2.56,43,2.6,5042,2.589111,2025-09-02 18:06:00+00:00
1756836420000,2.6,2.6,2.58,26,2.59,4375,2.590381,2025-09-02 18:07:00+00:00
1756836480000,2.59,2.6,2.59,12,2.59,1886,2.590991,2025-09-02 18:08:00+00:00
1756836540000,2.59,2.5999,2.59,2,2.5999,2200,2.599,2025-09-02 18:09:00+00:00
1756836600000,2.58,2.59,2.58,3,2.59,801,2.5875,2025-09-02 18:10:00+00:00
1756836660000,2.55,2.58,2.53,17,2.58,4295,2.564172,2025-09-02 18:11:00+00:00
1756836720000,2.58,2.58,2.566,30,2.566,5948,2.570146,2025-09-02 18:12:00+00:00
1756836780000,2.57,2.58,2.57,12,2.58,818,2.573425,2025-09-02 18:13:00+00:00
1756836840000,2.5684,2.5684,2.5684,3,2.5684,151,2.5684,2025-09-02 18:14:00+00:00
1756836900000,2.57,2.58,2.57,22,2.57,4323,2.577219,2025-09-02 18:15:00+00:00
1756836960000,2.57,2.58,2.57,6,2.58,271,2.573788,2025-09-02 18:16:00+00:00
1756837020000,2.58,2.58,2.58,17,2.58,1004,2.58,2025-09-02 18:17:00+00:00
1756837140000,2.5791,2.5791,2.5791,3,2.5791,124,2.5791,2025-09-02 18:19:00+00:00
1756837200000,2.59,2.6,2.58,37,2.58,3065,2.589083,2025-09-02 18:20:00+00:00
1756837260000,2.5826,2.6,2.5826,10,2.5899,2716,2.597332,2025-09-02 18:21:00+00:00
1756837320000,2.58,2.58,2.58,6,2.58,278,2.58,2025-09-02 18:22:00+00:00
1756837380000,2.5789,2.5799,2.57,30,2.57,3643,2.572042,2025-09-02 18:23:00+00:00
1756837440000,2.5999,2.6,2.57,67,2.58,11271,2.588991,2025-09-02 18:24:00+00:00
1756837500000,2.59,2.59,2.59,22,2.59,1737,2.59,2025-09-02 18:25:00+00:00
1756837560000,2.58,2.59,2.58,14,2.582,2834,2.582764,2025-09-02 18:26:00+00:00
1756837620000,2.6,2.6,2.59,32,2.59,7058,2.597836,2025-09-02 18:27:00+00:00
1756837680000,2.6,2.6,2.595,24,2.595,4598,2.599202,2025-09-02 18:28:00+00:00
1756837740000,2.6786,2.68,2.61,73,2.61,19724,2.647258,2025-09-02 18:29:00+00:00
1756837800000,2.66,2.7,2.59,153,2.68,29440,2.661594,2025-09-02 18:30:00+00:00
1756837860000,2.6501,2.7,2.65,65,2.67,15444,2.668222,2025-09-02 18:31:00+00:00
1756837920000,2.65,2.66,2.65,14,2.654,2141,2.651498,2025-09-02 18:32:00+00:00
1756837980000,2.6507,2.6507,2.6507,12,2.6507,692,2.6507,2025-09-02 18:33:00+00:00
1756838040000,2.68,2.68,2.6503,20,2.6503,2224,2.660976,2025-09-02 18:34:00+00:00
1756838100000,2.65,2.6699,2.65,14,2.66,4678,2.66486,2025-09-02 18:35:00+00:00
1756838160000,2.6542,2.66,2.6501,17,2.6597,3188,2.653165,2025-09-02 18:36:00+00:00
1756838220000,2.73,2.73,2.65,67,2.65,13215,2.694691,2025-09-02 18:37:00+00:00
1756838280000,2.6912,2.7217,2.69,58,2.7217,22384,2.699591,2025-09-02 18:38:00+00:00
1756838340000,2.71,2.71,2.69,24,2.69,3806,2.694352,2025-09-02 18:39:00+00:00
1756838400000,2.7254,2.73,2.701,54,2.71,9255,2.715831,2025-09-02 18:40:00+00:00
1756838460000,2.7283,2.76,2.7,150,2.72,31979,2.739608,2025-09-02 18:41:00+00:00
1756838520000,2.715,2.715,2.7,29,2.71,2417,2.708548,2025-09-02 18:42:00+00:00
1756838580000,2.6801,2.715,2.68,57,2.715,28261,2.691755,2025-09-02 18:43:00+00:00
1756838640000,2.7,2.71,2.6884,47,2.6884,7698,2.699408,2025-09-02 18:44:00+00:00
1756838700000,2.71,2.7499,2.71,43,2.71,5679,2.721052,2025-09-02 18:45:00+00:00
1756838760000,2.685,2.71,2.66,64,2.71,15612,2.695396,2025-09-02 18:46:00+00:00
1756838820000,2.695,2.7,2.69,28,2.6983,3376,2.69228,2025-09-02 18:47:00+00:00
1756838880000,2.68,2.7,2.68,13,2.7,2129,2.68709,2025-09-02 18:48:00+00:00
1756838940000,2.6819,2.6988,2.6819,7,2.6988,818,2.693864,2025-09-02 18:49:00+00:00
1756839000000,2.69,2.7,2.68,7,2.68,904,2.68939,2025-09-02 18:50:00+00:00
1756839060000,2.8,2.81,2.71,109,2.71,62034,2.755886,2025-09-02 18:51:00+00:00
1756839120000,2.85,2.85,2.8,168,2.81,43115,2.821701,2025-09-02 18:52:00+00:00
1756839180000,2.82,2.85,2.82,59,2.8384,15403,2.829544,2025-09-02 18:53:00+00:00
1756839240000,2.8246,2.85,2.8201,79,2.8249,18970,2.835945,2025-09-02 18:54:00+00:00
1756839300000,2.85,2.85,2.8209,41,2.83,12979,2.837713,2025-09-02 18:55:00+00:00
1756839360000,2.94,2.9899,2.8392,318,2.845,57215,2.897172,2025-09-02 18:56:00+00:00
1756839420000,2.88,2.9587,2.86,254,2.94,55123,2.915802,2025-09-02 18:57:00+00:00
1756839480000,2.82,2.8716,2.81,87,2.8716,20937,2.828118,2025-09-02 18:58:00+00:00
1756839540000,2.8246,2.83,2.81,47,2.83,7485,2.817729,2025-09-02 18:59:00+00:00
1756839600000,2.9,2.9,2.83,173,2.83,15053,2.863466,2025-09-02 19:00:00+00:00
1756839660000,2.9008,2.94,2.84,193,2.895,38013,2.890092,2025-09-02 19:01:00+00:00
1756839720000,2.8895,2.94,2.8793,155,2.91,16766,2.903062,2025-09-02 19:02:00+00:00
1756839780000,2.8902,2.9,2.87,111,2.895,12982,2.88018,2025-09-02 19:03:00+00:00
1756839840000,2.935,2.94,2.87,152,2.895,37142,2.912585,2025-09-02 19:04:00+00:00
1756839900000,2.94,2.97,2.87,209,2.935,55571,2.938887,2025-09-02 19:05:00+00:00
1756839960000,2.88,2.97,2.86,81,2.9392,44249,2.938208,2025-09-02 19:06:00+00:00
1756840020000,2.8992,2.92,2.83,130,2.87,22892,2.873584,2025-09-02 19:07:00+00:00
1756840080000,2.93,2.97,2.8993,114,2.8999,31408,2.917861,2025-09-02 19:08:00+00:00
1756840140000,2.901,2.95,2.87,121,2.92,22831,2.89827,2025-09-02 19:09:00+00:00
1756840200000,2.88,2.9,2.8501,65,2.87,13569,2.876044,2025-09-02 19:10:00+00:00
1756840260000,2.8505,2.88,2.8486,51,2.87,16986,2.852605,2025-09-02 19:11:00+00:00
1756840320000,2.8003,2.88,2.8,110,2.87,26292,2.814833,2025-09-02 19:12:00+00:00
1756840380000,2.83,2.85,2.8023,43,2.8023,11988,2.843595,2025-09-02 19:13:00+00:00
1756840440000,2.85,2.85,2.81,60,2.83,14508,2.830996,2025-09-02 19:14:00+00:00
1756840500000,2.8501,2.87,2.8501,70,2.86,18481,2.859605,2025-09-02 19:15:00+00:00
1756840560000,2.9399,2.94,2.84,111,2.8484,70311,2.880277,2025-09-02 19:16:00+00:00
1756840620000,2.96,2.99,2.9101,205,2.93,47441,2.94588,2025-09-02 19:17:00+00:00
1756840680000,2.9108,2.97,2.9,132,2.96,21560,2.92155,2025-09-02 19:18:00+00:00
1756840740000,2.89,2.92,2.87,100,2.9163,24274,2.887913,2025-09-02 19:19:00+00:00
1756840800000,2.87,2.9,2.86,89,2.89,11650,2.882872,2025-09-02 19:20:00+00:00
1756840860000,2.89,2.92,2.88,44,2.88,9611,2.902942,2025-09-02 19:21:00+00:00
1756840920000,2.92,2.92,2.8924,37,2.899,11337,2.906554,2025-09-02 19:22:00+00:00
1756840980000,2.9,2.92,2.87,93,2.9,18342,2.888416,2025-09-02 19:23:00+00:00
1756841040000,2.89,2.91,2.88,58,2.9,8383,2.892684,2025-09-02 19:24:00+00:00
1756841100000,2.8707,2.89,2.85,83,2.88,19061,2.872264,2025-09-02 19:25:00+00:00
1756841160000,2.9,2.93,2.86,129,2.87,17271,2.879991,2025-09-02 19:26:00+00:00
1756841220000,2.88,2.92,2.87,114,2.92,13640,2.892428,2025-09-02 19:27:00+00:00
1756841280000,2.885,2.91,2.87,62,2.895,5753,2.886603,2025-09-02 19:28:00+00:00
1756841340000,2.91,2.95,2.87,124,2.9,35383,2.927789,2025-09-02 19:29:00+00:00
1756841400000,2.95,2.95,2.92,39,2.9205,6488,2.935808,2025-09-02 19:30:00+00:00
1756841460000,2.91,2.95,2.91,66,2.95,7054,2.928303,2025-09-02 19:31:00+00:00
1756841520000,2.89,2.94,2.89,114,2.91,11238,2.921531,2025-09-02 19:32:00+00:00
1756841580000,2.88,2.92,2.87,102,2.89,40708,2.882995,2025-09-02 19:33:00+00:00
1756841640000,2.81,2.9,2.8,194,2.88,68395,2.855825,2025-09-02 19:34:00+00:00
1756841700000,2.83,2.84,2.8,149,2.813,17193,2.818795,2025-09-02 19:35:00+00:00
1756841760000,2.85,2.88,2.8,147,2.81,24026,2.841321,2025-09-02 19:36:00+00:00
1756841820000,2.82,2.85,2.75,239,2.84,27176,2.801584,2025-09-02 19:37:00+00:00
1756841880000,2.88,2.88,2.8,158,2.82,23054,2.823558,2025-09-02 19:38:00+00:00
1756841940000,2.89,2.92,2.83,152,2.89,20847,2.886835,2025-09-02 19:39:00+00:00
1756842000000,2.92,2.95,2.87,124,2.87,19773,2.917808,2025-09-02 19:40:00+00:00
1756842060000,2.9037,2.92,2.83,169,2.89,21388,2.868936,2025-09-02 19:41:00+00:00
1756842120000,2.875,2.95,2.875,185,2.91,21614,2.905184,2025-09-02 19:42:00+00:00
1756842180000,2.92,2.92,2.87,69,2.87,15277,2.896034,2025-09-02 19:43:00+00:00
1756842240000,2.872,2.92,2.85,104,2.91,34841,2.884863,2025-09-02 19:44:00+00:00
1756842300000,2.88,2.89,2.87,64,2.89,7274,2.88582,2025-09-02 19:45:00+00:00
1756842360000,2.89,2.89,2.8698,90,2.89,8123,2.878441,2025-09-02 19:46:00+00:00
1756842420000,2.8897,2.9,2.87,74,2.88,12956,2.882804,2025-09-02 19:47:00+00:00
1756842480000,2.88,2.9,2.86,79,2.88,10925,2.880204,2025-09-02 19:48:00+00:00
1756842540000,2.89,2.9,2.8621,120,2.8621,20342,2.883431,2025-09-02 19:49:00+00:00
1756842600000,2.895,2.91,2.87,148,2.8805,24855,2.894111,2025-09-02 19:50:00+00:00
1756842660000,2.92,2.92,2.89,103,2.895,17726,2.906424,2025-09-02 19:51:00+00:00
1756842720000,2.905,2.93,2.89,163,2.92,39331,2.898128,2025-09-02 19:52:00+00:00
1756842780000,2.91,2.91,2.885,113,2.905,18035,2.898124,2025-09-02 19:53:00+00:00
1756842840000,2.89,2.92,2.89,99,2.9199,14487,2.900799,2025-09-02 19:54:00+00:00
1756842900000,2.9,2.93,2.89,164,2.895,32146,2.911923,2025-09-02 19:55:00+00:00
1756842960000,2.8705,2.93,2.8705,135,2.91,24185,2.907646,2025-09-02 19:56:00+00:00
1756843020000,2.9,2.92,2.87,131,2.8727,17467,2.888345,2025-09-02 19:57:00+00:00
1756843080000,2.91,2.91,2.8801,84,2.885,10933,2.900682,2025-09-02 19:58:00+00:00
1756843140000,2.85,2.91,2.8,359,2.9099,55992,2.855597,2025-09-02 19:59:00+00:00
1756843200000,2.8,2.84,2.8,38,2.83,31740,2.826459,2025-09-02 20:00:00+00:00
1756906200000,2.3135,2.3699,2.29,96,2.29,31967,2.304876,2025-09-03 13:30:00+00:00
1756906260000,2.33,2.33,2.315,60,2.315,9432,2.328152,2025-09-03 13:31:00+00:00
1756906320000,2.325,2.33,2.32,15,2.3292,2578,2.324241,2025-09-03 13:32:00+00:00
1756906380000,2.325,2.37,2.3201,266,2.325,31589,2.338839,2025-09-03 13:33:00+00:00
1756906440000,2.3409,2.42,2.32,124,2.33,15959,2.375362,2025-09-03 13:34:00+00:00
1756906500000,2.345,2.35,2.33,43,2.35,9275,2.345293,2025-09-03 13:35:00+00:00
1756906560000,2.34,2.3449,2.34,8,2.341,1384,2.341107,2025-09-03 13:36:00+00:00
1756906620000,2.3476,2.3476,2.34,19,2.34,1697,2.341042,2025-09-03 13:37:00+00:00
1756906680000,2.34,2.35,2.34,43,2.3402,6176,2.345669,2025-09-03 13:38:00+00:00
1756906740000,2.35,2.35,2.33,15,2.34,2418,2.33842,2025-09-03 13:39:00+00:00
1756906800000,2.35,2.35,2.3101,14,2.33,28351,2.329646,2025-09-03 13:40:00+00:00
1756906860000,2.31,2.33,2.31,18,2.31,4566,2.316715,2025-09-03 13:41:00+00:00
1756906920000,2.315,2.32,2.315,10,2.32,2526,2.315282,2025-09-03 13:42:00+00:00
1756906980000,2.3216,2.3394,2.3,55,2.31,29041,2.312995,2025-09-03 13:43:00+00:00
1756907040000,2.29,2.34,2.29,28,2.34,3614,2.301825,2025-09-03 13:44:00+00:00
1756907100000,2.29,2.295,2.25,50,2.291,11952,2.262584,2025-09-03 13:45:00+00:00
1756907160000,2.25,2.29,2.21,51,2.2716,4246,2.238723,2025-09-03 13:46:00+00:00
1756907220000,2.2201,2.23,2.2201,9,2.23,521,2.222929,2025-09-03 13:47:00+00:00
1756907280000,2.202,2.22,2.2,88,2.21,21686,2.205731,2025-09-03 13:48:00+00:00
1756907340000,2.2003,2.2003,2.2003,5,2.2003,187,2.2003,2025-09-03 13:49:00+00:00
1756907400000,2.2,2.21,2.2,19,2.2,1515,2.201381,2025-09-03 13:50:00+00:00
1756907460000,2.205,2.21,2.185,48,2.19,7455,2.192365,2025-09-03 13:51:00+00:00
1756907520000,2.21,2.21,2.2091,4,2.2099,710,2.2098,2025-09-03 13:52:00+00:00
1756907580000,2.23,2.25,2.21,21,2.21,3871,2.225456,2025-09-03 13:53:00+00:00
1756907640000,2.275,2.28,2.22,52,2.22,8024,2.260068,2025-09-03 13:54:00+00:00
1756907700000,2.255,2.28,2.2401,43,2.275,3251,2.262157,2025-09-03 13:55:00+00:00
1756907760000,2.2351,2.2351,2.2351,6,2.2351,384,2.2351,2025-09-03 13:56:00+00:00
1756907820000,2.235,2.235,2.235,3,2.235,235,2.235,2025-09-03 13:57:00+00:00
1756907880000,2.24,2.25,2.23,26,2.23,6961,2.23464,2025-09-03 13:58:00+00:00
1756907940000,2.269,2.28,2.22,10,2.2219,3421,2.229773,2025-09-03 13:59:00+00:00
1756908000000,2.2752,2.28,2.22,31,2.22,5072,2.235293,2025-09-03 14:00:00+00:00
1756908060000,2.2521,2.2521,2.2521,3,2.2521,1063,2.2521,2025-09-03 14:01:00+00:00
1756908120000,2.2689,2.28,2.2689,12,2.277,697,2.275938,2025-09-03 14:02:00+00:00
1756908240000,2.263,2.263,2.263,2,2.263,317,2.263,2025-09-03 14:04:00+00:00
1756908300000,2.27,2.27,2.2349,19,2.25,4465,2.252039,2025-09-03 14:05:00+00:00
1756908360000,2.27,2.27,2.26,8,2.27,1290,2.261749,2025-09-03 14:06:00+00:00
1756908420000,2.2683,2.27,2.2683,5,2.27,424,2.268725,2025-09-03 14:07:00+00:00
1756908480000,2.2301,2.2301,2.2301,1,2.2301,245,2.2301,2025-09-03 14:08:00+00:00
1756908540000,2.25,2.27,2.23,15,2.2683,5025,2.240022,2025-09-03 14:09:00+00:00
1756908600000,2.26,2.27,2.23,12,2.244,1393,2.243988,2025-09-03 14:10:00+00:00
1756908660000,2.2334,2.2334,2.23,4,2.23,677,2.231511,2025-09-03 14:11:00+00:00
1756908720000,2.22,2.245,2.22,13,2.245,1133,2.227096,2025-09-03 14:12:00+00:00
1756908780000,2.22,2.23,2.22,6,2.22,1691,2.22517,2025-09-03 14:13:00+00:00
1756908900000,2.22,2.23,2.22,12,2.22,1454,2.221458,2025-09-03 14:15:00+00:00
1756908960000,2.2,2.21,2.2,13,2.21,1539,2.203252,2025-09-03 14:16:00+00:00
1756909020000,2.2092,2.2092,2.205,6,2.205,373,2.206655,2025-09-03 14:17:00+00:00
1756909080000,2.1501,2.2,2.1501,23,2.2,4294,2.182615,2025-09-03 14:18:00+00:00
1756909140000,2.1564,2.1725,2.15,39,2.17,6252,2.156794,2025-09-03 14:19:00+00:00
1756909200000,2.15,2.17,2.15,38,2.1684,4133,2.16133,2025-09-03 14:20:00+00:00
1756909260000,2.17,2.17,2.15,15,2.16,2504,2.162133,2025-09-03 14:21:00+00:00
1756909320000,2.18,2.18,2.15,32,2.17,10189,2.155921,2025-09-03 14:22:00+00:00
1756909380000,2.17,2.17,2.16,25,2.17,2660,2.164431,2025-09-03 14:23:00+00:00
1756909440000,2.175,2.2,2.15,12,2.17,3078,2.160583,2025-09-03 14:24:00+00:00
1756909500000,2.19,2.19,2.17,6,2.1896,1500,2.18635,2025-09-03 14:25:00+00:00
1756909560000,2.17,2.19,2.16,34,2.16,3803,2.167729,2025-09-03 14:26:00+00:00
1756909620000,2.1955,2.2,2.1797,17,2.1797,2585,2.186513,2025-09-03 14:27:00+00:00
1756909680000,2.19,2.22,2.1844,11,2.1844,2352,2.199786,2025-09-03 14:28:00+00:00
1756909740000,2.18,2.21,2.18,21,2.2,3625,2.206078,2025-09-03 14:29:00+00:00
1756909800000,2.1501,2.1501,2.1501,3,2.1501,1755,2.1501,2025-09-03 14:30:00+00:00
1756909860000,2.15,2.17,2.15,31,2.16,6189,2.163962,2025-09-03 14:31:00+00:00
1756909920000,2.1687,2.1687,2.1687,3,2.1687,1076,2.1687,2025-09-03 14:32:00+00:00
1756909980000,2.15,2.16,2.15,39,2.16,11333,2.153717,2025-09-03 14:33:00+00:00
1756910040000,2.13,2.1576,2.13,9,2.14,10942,2.140908,2025-09-03 14:34:00+00:00
1756910100000,2.14,2.154,2.14,8,2.1514,694,2.147094,2025-09-03 14:35:00+00:00
1756910160000,2.1546,2.1546,2.145,15,2.1463,1882,2.149897,2025-09-03 14:36:00+00:00
1756910220000,2.15,2.1521,2.15,14,2.1501,5726,2.150127,2025-09-03 14:37:00+00:00
1756910280000,2.1543,2.1543,2.1543,3,2.1543,248,2.1543,2025-09-03 14:38:00+00:00
1756910340000,2.1801,2.19,2.165,22,2.165,6628,2.178013,2025-09-03 14:39:00+00:00
1756910400000,2.18,2.18,2.18,3,2.18,254,2.18,2025-09-03 14:40:00+00:00
1756910460000,2.17,2.18,2.17,8,2.18,907,2.171369,2025-09-03 14:41:00+00:00
1756910580000,2.155,2.16,2.15,35,2.15,4675,2.153251,2025-09-03 14:43:00+00:00
1756910640000,2.17,2.17,2.17,12,2.17,942,2.17,2025-09-03 14:44:00+00:00
1756910700000,2.18,2.18,2.165,8,2.165,1894,2.16852,2025-09-03 14:45:00+00:00
1756910760000,2.17,2.17,2.17,6,2.17,951,2.17,2025-09-03 14:46:00+00:00
1756910820000,2.2,2.21,2.18,35,2.18,4904,2.195955,2025-09-03 14:47:00+00:00
1756910880000,2.17,2.19,2.17,12,2.19,1498,2.173781,2025-09-03 14:48:00+00:00
1756911000000,2.16,2.17,2.15,24,2.1663,9930,2.158571,2025-09-03 14:50:00+00:00
1756911060000,2.2,2.2,2.17,15,2.17,1152,2.178571,2025-09-03 14:51:00+00:00
1756911120000,2.1928,2.1928,2.15,9,2.16,2247,2.155358,2025-09-03 14:52:00+00:00
1756911180000,2.1543,2.1543,2.1543,3,2.1543,724,2.1543,2025-09-03 14:53:00+00:00
1756911240000,2.15,2.16,2.15,2,2.16,900,2.155556,2025-09-03 14:54:00+00:00
1756911300000,2.165,2.17,2.15,9,2.17,855,2.159286,2025-09-03 14:55:00+00:00
1756911360000,2.16,2.17,2.14,25,2.17,2213,2.151534,2025-09-03 14:56:00+00:00
1756911480000,2.18,2.18,2.1769,17,2.1769,2995,2.178793,2025-09-03 14:58:00+00:00
1756911540000,2.17,2.17,2.16,15,2.16,2979,2.160345,2025-09-03 14:59:00+00:00
1756911600000,2.17,2.17,2.17,4,2.17,233,2.17,2025-09-03 15:00:00+00:00
1756911660000,2.15,2.15,2.15,1,2.15,2250,2.15,2025-09-03 15:01:00+00:00
1756911720000,2.165,2.165,2.165,2,2.165,205,2.165,2025-09-03 15:02:00+00:00
1756911780000,2.175,2.18,2.165,20,2.165,1039,2.172857,2025-09-03 15:03:00+00:00
1756911840000,2.18,2.18,2.18,4,2.18,1280,2.18,2025-09-03 15:04:00+00:00
1756911900000,2.17,2.17,2.17,4,2.17,500,2.17,2025-09-03 15:05:00+00:00
1756911960000,2.155,2.17,2.1474,23,2.17,3529,2.150655,2025-09-03 15:06:00+00:00
1756912020000,2.17,2.17,2.17,1,2.17,100,2.17,2025-09-03 15:07:00+00:00
1756912140000,2.17,2.17,2.155,14,2.1697,2898,2.166105,2025-09-03 15:09:00+00:00
1756912200000,2.17,2.18,2.15,14,2.15,2846,2.163725,2025-09-03 15:10:00+00:00
1756912260000,2.175,2.18,2.175,13,2.18,1038,2.179419,2025-09-03 15:11:00+00:00
1756912320000,2.17,2.17,2.17,13,2.17,4043,2.17,2025-09-03 15:12:00+00:00
1756912380000,2.185,2.185,2.17,8,2.17,1706,2.177888,2025-09-03 15:13:00+00:00
1756912440000,2.18,2.1828,2.18,3,2.1828,299,2.181824,2025-09-03 15:14:00+00:00
1756912500000,2.1949,2.1949,2.19,4,2.19,520,2.192073,2025-09-03 15:15:00+00:00
1756912560000,2.2,2.2,2.18,16,2.19,2720,2.193946,2025-09-03 15:16:00+00:00
1756912620000,2.23,2.23,2.22,8,2.22,816,2.221879,2025-09-03 15:17:00+00:00
1756912680000,2.23,2.23,2.23,6,2.23,289,2.23,2025-09-03 15:18:00+00:00
1756912740000,2.22,2.22,2.22,6,2.22,3433,2.22,2025-09-03 15:19:00+00:00
1756912800000,2.235,2.235,2.22,3,2.22,617,2.22487,2025-09-03 15:20:00+00:00
1756912860000,2.2355,2.2355,2.2326,3,2.235,335,2.23447,2025-09-03 15:21:00+00:00
1756912920000,2.22,2.23,2.22,4,2.23,3126,2.226667,2025-09-03 15:22:00+00:00
1756912980000,2.22,2.225,2.22,5,2.225,388,2.221976,2025-09-03 15:23:00+00:00
1756913040000,2.24,2.24,2.23,13,2.23,2144,2.231563,2025-09-03 15:24:00+00:00
1756913100000,2.22,2.22,2.22,3,2.22,560,2.22,2025-09-03 15:25:00+00:00
1756913280000,2.22,2.22,2.22,5,2.22,2773,2.22,2025-09-03 15:28:00+00:00
1756913400000,2.22,2.22,2.22,5,2.22,404,2.22,2025-09-03 15:30:00+00:00
1756913460000,2.2075,2.2075,2.2075,3,2.2075,255,2.2075,2025-09-03 15:31:00+00:00
1756913520000,2.21,2.21,2.21,3,2.21,250,2.21,2025-09-03 15:32:00+00:00
1756913580000,2.24,2.24,2.19,43,2.2,5488,2.21527,2025-09-03 15:33:00+00:00
1756913700000,2.27,2.27,2.24,5,2.24,1210,2.265,2025-09-03 15:35:00+00:00
1756913760000,2.23,2.23,2.23,9,2.23,450,2.23,2025-09-03 15:36:00+00:00
1756913820000,2.244,2.244,2.244,8,2.244,414,2.244,2025-09-03 15:37:00+00:00
1756913880000,2.21,2.23,2.21,4,2.23,520,2.225885,2025-09-03 15:38:00+00:00
1756913940000,2.19,2.2,2.19,10,2.2,514,2.196,2025-09-03 15:39:00+00:00
1756914000000,2.2,2.21,2.17,60,2.185,3937,2.177259,2025-09-03 15:40:00+00:00
1756914060000,2.2,2.2,2.19,24,2.19,1049,2.198,2025-09-03 15:41:00+00:00
1756914120000,2.1955,2.1955,2.1955,9,2.1955,523,2.1955,2025-09-03 15:42:00+00:00
1756914240000,2.18,2.18,2.18,11,2.18,1217,2.18,2025-09-03 15:44:00+00:00
1756914300000,2.1866,2.1866,2.16,29,2.17,4285,2.164825,2025-09-03 15:45:00+00:00
1756914360000,2.1712,2.18,2.1712,4,2.18,550,2.17296,2025-09-03 15:46:00+00:00
1756914420000,2.215,2.215,2.18,13,2.18,1035,2.195714,2025-09-03 15:47:00+00:00
1756914480000,2.226,2.226,2.226,5,2.226,378,2.226,2025-09-03 15:48:00+00:00
1756914540000,2.23,2.28,2.23,30,2.23,5155,2.264307,2025-09-03 15:49:00+00:00
1756914600000,2.26,2.26,2.235,11,2.235,1041,2.248021,2025-09-03 15:50:00+00:00
1756914660000,2.2,2.235,2.2,22,2.235,3159,2.210484,2025-09-03 15:51:00+00:00
1756915020000,2.2,2.2,2.2,10,2.2,3290,2.2,2025-09-03 15:57:00+00:00
1756915140000,2.2555,2.2555,2.24,12,2.24,3662,2.252559,2025-09-03 15:59:00+00:00
1756915200000,2.195,2.23,2.19,54,2.23,55151,2.200048,2025-09-03 16:00:00+00:00
1756915260000,2.1998,2.1999,2.195,6,2.1999,846,2.199089,2025-09-03 16:01:00+00:00
1756915380000,2.2,2.2,2.2,3,2.2,141,2.2,2025-09-03 16:03:00+00:00
1756915440000,2.19,2.1998,2.19,9,2.195,561,2.195982,2025-09-03 16:04:00+00:00
1756915500000,2.17,2.19,2.17,18,2.1878,5688,2.184174,2025-09-03 16:05:00+00:00
1756915740000,2.16,2.16,2.16,4,2.16,402,2.16,2025-09-03 16:09:00+00:00
1756915800000,2.12,2.155,2.1,88,2.15,10342,2.116831,2025-09-03 16:10:00+00:00
1756915860000,2.11,2.11,2.1,42,2.11,13038,2.100991,2025-09-03 16:11:00+00:00
1756915920000,2.1001,2.105,2.1,4,2.1,839,2.100661,2025-09-03 16:12:00+00:00
1756915980000,2.105,2.11,2.1,14,2.105,4508,2.108416,2025-09-03 16:13:00+00:00
1756916040000,2.1,2.1001,2.1,2,2.1001,9850,2.100001,2025-09-03 16:14:00+00:00
1756916100000,2.1046,2.11,2.1008,5,2.1008,1261,2.101992,2025-09-03 16:15:00+00:00
1756916160000,2.11,2.11,2.1019,14,2.105,4660,2.106751,2025-09-03 16:16:00+00:00
1756916220000,2.1,2.12,2.1,29,2.105,13290,2.110123,2025-09-03 16:17:00+00:00
1756916280000,2.1,2.1,2.1,32,2.1,4090,2.1,2025-09-03 16:18:00+00:00
1756916340000,2.061,2.09,2.06,44,2.09,7199,2.082383,2025-09-03 16:19:00+00:00
1756916400000,2.09,2.09,2.0501,46,2.0584,3273,2.06355,2025-09-03 16:20:00+00:00
1756916460000,2.075,2.075,2.075,5,2.075,146,2.075,2025-09-03 16:21:00+00:00
1756916520000,2.055,2.07,2.055,18,2.068,3485,2.061831,2025-09-03 16:22:00+00:00
1756916580000,2.055,2.06,2.05,42,2.05,6337,2.055835,2025-09-03 16:23:00+00:00
1756916640000,2.05,2.06,2.05,35,2.06,6581,2.052393,2025-09-03 16:24:00+00:00
1756916700000,2.05,2.06,2.05,22,2.05,3880,2.050791,2025-09-03 16:25:00+00:00
1756916760000,2.09,2.09,2.045,15,2.05,1633,2.066333,2025-09-03 16:26:00+00:00
1756916880000,2.06,2.06,2.02,32,2.05,2859,2.040805,2025-09-03 16:28:00+00:00
1756916940000,2.065,2.065,2.04,35,2.04,4095,2.04971,2025-09-03 16:29:00+00:00
1756917060000,2.09,2.09,2.065,3,2.065,1350,2.070556,2025-09-03 16:31:00+00:00
1756917120000,2.08,2.08,2.04,12,2.05,1670,2.047995,2025-09-03 16:32:00+00:00
1756917180000,2.0,2.08,1.97,120,2.055,24489,2.016462,2025-09-03 16:33:00+00:00
1756917240000,2.005,2.01,1.99,12,1.99,8428,2.004986,2025-09-03 16:34:00+00:00
1756917300000,1.995,2.0,1.9801,31,2.0,3271,1.995393,2025-09-03 16:35:00+00:00
1756917360000,2.01,2.01,1.99,23,2.01,945,2.001347,2025-09-03 16:36:00+00:00
1756917420000,1.995,2.0092,1.99,19,2.0092,5103,2.001533,2025-09-03 16:37:00+00:00
1756917480000,1.995,1.995,1.9907,8,1.9907,2216,1.991091,2025-09-03 16:38:00+00:00
1756917540000,2.0,2.0,1.99,15,1.99,4816,1.990444,2025-09-03 16:39:00+00:00
1756917600000,1.99,2.0,1.98,11,1.995,1950,1.9892,2025-09-03 16:40:00+00:00
1756917660000,1.99,2.0,1.99,15,1.9916,1655,1.994909,2025-09-03 16:41:00+00:00
1756917720000,2.03,2.03,1.99,25,1.9916,6229,1.996278,2025-09-03 16:42:00+00:00
1756917780000,2.01,2.03,2.01,4,2.03,528,2.019943,2025-09-03 16:43:00+00:00
1756917840000,2.0,2.01,2.0,23,2.01,884,2.007278,2025-09-03 16:44:00+00:00
1756917900000,2.0325,2.04,2.0,6,2.0,1101,2.008801,2025-09-03 16:45:00+00:00
1756917960000,2.0051,2.0327,2.0,11,2.0327,3068,2.00451,2025-09-03 16:46:00+00:00
1756918020000,2.01,2.05,2.005,16,2.02,1509,2.018595,2025-09-03 16:47:00+00:00
1756918080000,1.99,1.99,1.99,3,1.99,180,1.99,2025-09-03 16:48:00+00:00
1756918200000,2.05,2.05,2.03,3,2.03,451,2.034444,2025-09-03 16:50:00+00:00
1756918260000,2.05,2.05,2.01,23,2.01,4212,2.02358,2025-09-03 16:51:00+00:00
1756918320000,2.03,2.03,2.03,2,2.03,200,2.03,2025-09-03 16:52:00+00:00
1756918440000,2.05,2.05,2.0,32,2.0,3727,2.01078,2025-09-03 16:54:00+00:00
1756918500000,2.05,2.05,2.05,3,2.05,251,2.05,2025-09-03 16:55:00+00:00
1756918620000,2.005,2.01,2.0,5,2.01,826,2.001861,2025-09-03 16:57:00+00:00
1756918680000,2.0,2.0,1.99,9,1.99,1258,1.990833,2025-09-03 16:58:00+00:00
1756918800000,2.03,2.03,2.0,10,2.0,1551,2.019,2025-09-03 17:00:00+00:00
1756918860000,2.04,2.05,2.0257,13,2.0257,1263,2.034656,2025-09-03 17:01:00+00:00
1756918920000,2.05,2.05,2.04,10,2.04,2317,2.047939,2025-09-03 17:02:00+00:00
1756918980000,2.045,2.0475,2.045,8,2.045,2826,2.045095,2025-09-03 17:03:00+00:00
1756919040000,2.04,2.05,2.01,18,2.04,3125,2.018668,2025-09-03 17:04:00+00:00
1756919100000,2.03,2.03,2.02,5,2.02,918,2.026536,2025-09-03 17:05:00+00:00
1756919340000,2.03,2.04,2.02,38,2.0328,7437,2.033692,2025-09-03 17:09:00+00:00
1756919400000,2.04,2.04,2.02,6,2.02,1200,2.021812,2025-09-03 17:10:00+00:00
1756919460000,2.03,2.03,2.02,10,2.02,1786,2.023882,2025-09-03 17:11:00+00:00
1756919520000,2.02,2.03,2.02,11,2.02,1306,2.020793,2025-09-03 17:12:00+00:00
1756919580000,2.02,2.02,2.02,4,2.02,125,2.02,2025-09-03 17:13:00+00:00
1756919700000,2.0,2.01,2.0,5,2.01,1700,2.001177,2025-09-03 17:15:00+00:00
1756919760000,2.0,2.0,2.0,9,2.0,1014,2.0,2025-09-03 17:16:00+00:00
1756919820000,2.02,2.04,2.0,46,2.0,3810,2.022424,2025-09-03 17:17:00+00:00
1756919880000,2.02,2.02,2.0,29,2.02,2909,2.008925,2025-09-03 17:18:00+00:00
1756920000000,2.01,2.01,2.01,9,2.01,536,2.01,2025-09-03 17:20:00+00:00
1756920060000,2.0,2.01,2.0,32,2.0,2162,2.005918,2025-09-03 17:21:00+00:00
1756920120000,2.0,2.0,2.0,11,2.0,341,2.0,2025-09-03 17:22:00+00:00
1756920180000,2.01,2.01,1.98,23,1.99,3569,1.99346,2025-09-03 17:23:00+00:00
1756920240000,1.99,1.99,1.99,1,1.99,100,1.99,2025-09-03 17:24:00+00:00
1756920360000,1.99,2.0,1.99,10,2.0,1348,1.994241,2025-09-03 17:26:00+00:00
1756920420000,1.99,1.99,1.99,4,1.99,364,1.99,2025-09-03 17:27:00+00:00
1756920480000,1.98,1.9974,1.98,17,1.9974,3041,1.993333,2025-09-03 17:28:00+00:00
1756920540000,1.975,1.99,1.97,34,1.97,2045,1.979941,2025-09-03 17:29:00+00:00
1756920600000,1.985,1.99,1.97,34,1.975,3471,1.983602,2025-09-03 17:30:00+00:00
1756920720000,1.9709,1.9709,1.9709,3,1.9709,145,1.9709,2025-09-03 17:32:00+00:00
1756920780000,1.97,1.97,1.97,9,1.97,1036,1.97,2025-09-03 17:33:00+00:00
1756920840000,1.99,1.99,1.975,19,1.975,695,1.979975,2025-09-03 17:34:00+00:00
1756920900000,1.97,1.985,1.97,25,1.97,5801,1.974624,2025-09-03 17:35:00+00:00
1756920960000,1.9703,1.9703,1.9703,8,1.9703,1472,1.9703,2025-09-03 17:36:00+00:00
1756921020000,1.9704,1.9803,1.9704,4,1.9803,530,1.97496,2025-09-03 17:37:00+00:00
1756921080000,1.98,1.98,1.98,3,1.98,198,1.98,2025-09-03 17:38:00+00:00
1756921140000,1.97,1.97,1.97,10,1.97,1475,1.97,2025-09-03 17:39:00+00:00
1756921200000,1.97,1.97,1.965,8,1.965,4034,1.969746,2025-09-03 17:40:00+00:00
1756921260000,1.96,1.975,1.96,13,1.9601,1136,1.961545,2025-09-03 17:41:00+00:00
1756921320000,1.97,1.97,1.97,8,1.97,1059,1.97,2025-09-03 17:42:00+00:00
1756921380000,1.9704,1.9704,1.96,21,1.96,1315,1.96596,2025-09-03 17:43:00+00:00
1756921440000,1.95,1.97,1.95,46,1.96,4734,1.957195,2025-09-03 17:44:00+00:00
1756921500000,1.9578,1.9578,1.9578,2,1.9578,201,1.9578,2025-09-03 17:45:00+00:00
1756921560000,1.9592,1.9592,1.9554,4,1.9554,1363,1.956277,2025-09-03 17:46:00+00:00
1756921620000,1.96,1.96,1.955,13,1.955,574,1.9575,2025-09-03 17:47:00+00:00
1756921680000,1.95,1.95,1.95,20,1.95,1495,1.95,2025-09-03 17:48:00+00:00
1756921740000,1.945,1.945,1.945,4,1.945,297,1.945,2025-09-03 17:49:00+00:00
1756921800000,1.9301,1.94,1.9301,17,1.94,2121,1.938752,2025-09-03 17:50:00+00:00
1756921860000,1.902,1.94,1.902,28,1.94,4768,1.924489,2025-09-03 17:51:00+00:00
1756921920000,1.935,1.94,1.915,36,1.93,4131,1.927676,2025-09-03 17:52:00+00:00
1756921980000,1.94,1.9493,1.9303,50,1.935,2813,1.940658,2025-09-03 17:53:00+00:00
1756922040000,1.94,1.94,1.94,11,1.94,420,1.94,2025-09-03 17:54:00+00:00
1756922100000,1.94,1.94,1.94,2,1.94,101,1.94,2025-09-03 17:55:00+00:00
1756922160000,1.943,1.943,1.93,75,1.93,3518,1.939763,2025-09-03 17:56:00+00:00
1756922220000,1.9501,1.99,1.94,44,1.946,15757,1.969135,2025-09-03 17:57:00+00:00
1756922280000,1.97,1.97,1.9663,17,1.9663,2479,1.966476,2025-09-03 17:58:00+00:00
1756922340000,1.96,1.96,1.96,9,1.96,2167,1.96,2025-09-03 17:59:00+00:00
1756922400000,1.97,1.97,1.96,11,1.96,1271,1.966488,2025-09-03 18:00:00+00:00
1756922580000,1.95,1.97,1.95,17,1.95,1518,1.95375,2025-09-03 18:03:00+00:00
1756922640000,1.93,1.95,1.93,19,1.95,1922,1.93711,2025-09-03 18:04:00+00:00
1756922700000,1.9392,1.9392,1.93,6,1.9351,2238,1.935823,2025-09-03 18:05:00+00:00
1756922760000,1.9301,1.9342,1.93,10,1.9342,2518,1.9302,2025-09-03 18:06:00+00:00
1756922940000,1.9358,1.9358,1.93,5,1.93,302,1.932775,2025-09-03 18:09:00+00:00
1756923060000,1.94,1.94,1.935,13,1.94,895,1.938632,2025-09-03 18:11:00+00:00
1756923120000,1.92,1.93,1.92,23,1.93,1630,1.925863,2025-09-03 18:12:00+00:00
1756923240000,1.9292,1.9292,1.9292,2,1.9292,205,1.9292,2025-09-03 18:14:00+00:00
1756923300000,1.9309,1.9309,1.9309,7,1.9309,531,1.9309,2025-09-03 18:15:00+00:00
1756923420000,1.9393,1.9393,1.9393,3,1.9393,1015,1.9393,2025-09-03 18:17:00+00:00
1756923600000,1.9313,1.9313,1.9313,2,1.9313,103,1.9313,2025-09-03 18:20:00+00:00
1756923720000,1.93,1.93,1.93,7,1.93,726,1.93,2025-09-03 18:22:00+00:00
1756923840000,1.92,1.92,1.92,13,1.92,395,1.92,2025-09-03 18:24:00+00:00
1756923960000,1.9297,1.9297,1.9297,5,1.9297,404,1.9297,2025-09-03 18:26:00+00:00
1756924020000,1.91,1.92,1.91,5,1.92,2794,1.913614,2025-09-03 18:27:00+00:00
1756924080000,1.92,1.92,1.92,4,1.92,242,1.92,2025-09-03 18:28:00+00:00
1756924260000,1.93,1.93,1.9201,13,1.9201,949,1.928025,2025-09-03 18:31:00+00:00
1756924380000,1.9393,1.94,1.93,20,1.93,1865,1.938127,2025-09-03 18:33:00+00:00
1756924440000,1.9358,1.9358,1.9358,2,1.9358,110,1.9358,2025-09-03 18:34:00+00:00
1756924560000,1.95,1.96,1.94,22,1.94,2040,1.947123,2025-09-03 18:36:00+00:00
1756924680000,1.95,1.955,1.95,7,1.955,1218,1.9505,2025-09-03 18:38:00+00:00
1756924800000,1.95,1.95,1.95,6,1.95,1048,1.95,2025-09-03 18:40:00+00:00
1756924860000,1.955,1.955,1.95,15,1.95,2777,1.951489,2025-09-03 18:41:00+00:00
1756924920000,1.95,1.955,1.95,5,1.955,429,1.95125,2025-09-03 18:42:00+00:00
1756924980000,2.08,2.09,1.95,137,1.95,24090,2.045027,2025-09-03 18:43:00+00:00
1756925040000,2.001,2.0803,2.001,14,2.0803,2088,2.069213,2025-09-03 18:44:00+00:00
1756925100000,2.05,2.0501,2.0,45,2.0,7808,2.028628,2025-09-03 18:45:00+00:00
1756925160000,2.06,2.06,2.05,4,2.05,625,2.053333,2025-09-03 18:46:00+00:00
1756925220000,2.05,2.05,2.05,14,2.05,1900,2.05,2025-09-03 18:47:00+00:00
1756925280000,1.95,2.02,1.93,93,2.02,14245,1.948944,2025-09-03 18:48:00+00:00
1756925340000,1.95,1.95,1.95,2,1.95,180,1.95,2025-09-03 18:49:00+00:00
1756925400000,1.97,1.97,1.96,26,1.96,4592,1.96929,2025-09-03 18:50:00+00:00
1756925460000,1.97,1.97,1.96,4,1.96,368,1.962817,2025-09-03 18:51:00+00:00
1756925520000,1.98,1.9832,1.96,21,1.96,3519,1.965626,2025-09-03 18:52:00+00:00
1756925640000,1.96,1.96,1.96,5,1.96,801,1.96,2025-09-03 18:54:00+00:00
1756925700000,1.96,1.97,1.96,13,1.97,2852,1.960388,2025-09-03 18:55:00+00:00
1756925760000,1.97,1.97,1.95,10,1.96,1019,1.956906,2025-09-03 18:56:00+00:00
1756925820000,1.93,1.95,1.93,5,1.95,662,1.933333,2025-09-03 18:57:00+00:00
1756925880000,1.935,1.9455,1.93,9,1.9455,1442,1.933858,2025-09-03 18:58:00+00:00
1756925940000,1.93,1.93,1.93,10,1.93,1351,1.93,2025-09-03 18:59:00+00:00
1756926000000,1.94,1.94,1.925,18,1.93,1504,1.932998,2025-09-03 19:00:00+00:00
1756926060000,1.94,1.95,1.935,20,1.94,2880,1.945022,2025-09-03 19:01:00+00:00
1756926120000,1.94,1.94,1.94,1,1.94,100,1.94,2025-09-03 19:02:00+00:00
1756926180000,1.94,1.94,1.93,6,1.93,1226,1.930833,2025-09-03 19:03:00+00:00
1756926240000,1.93,1.94,1.93,6,1.94,293,1.935,2025-09-03 19:04:00+00:00
1756926300000,1.94,1.95,1.92,44,1.92,4169,1.928485,2025-09-03 19:05:00+00:00
1756926360000,1.94,1.9485,1.94,4,1.94,1203,1.947072,2025-09-03 19:06:00+00:00
1756926420000,1.94,1.95,1.92,58,1.93,4998,1.932128,2025-09-03 19:07:00+00:00
1756926540000,1.9162,1.925,1.91,25,1.925,2798,1.914593,2025-09-03 19:09:00+00:00
1756926600000,1.92,1.93,1.92,8,1.93,922,1.92875,2025-09-03 19:10:00+00:00
1756926660000,1.93,1.93,1.92,7,1.93,961,1.928889,2025-09-03 19:11:00+00:00
1756926720000,1.93,1.945,1.91,26,1.91,3682,1.919265,2025-09-03 19:12:00+00:00
1756926840000,1.91,1.92,1.91,7,1.92,1183,1.912618,2025-09-03 19:14:00+00:00
1756926900000,1.92,1.92,1.92,30,1.92,1990,1.92,2025-09-03 19:15:00+00:00
1756926960000,1.9,1.94,1.9,33,1.92,3030,1.904921,2025-09-03 19:16:00+00:00
1756927020000,1.8938,1.9,1.8938,13,1.9,1105,1.897133,2025-09-03 19:17:00+00:00
1756927080000,1.8901,1.9087,1.8901,5,1.9,1306,1.906023,2025-09-03 19:18:00+00:00
1756927140000,1.91,1.93,1.91,18,1.91,1275,1.913636,2025-09-03 19:19:00+00:00
1756927200000,1.89,1.9,1.89,6,1.9,1454,1.890732,2025-09-03 19:20:00+00:00
1756927260000,1.91,1.91,1.89,36,1.905,3714,1.895638,2025-09-03 19:21:00+00:00
1756927320000,1.91,1.91,1.91,8,1.91,508,1.91,2025-09-03 19:22:00+00:00
1756927380000,1.91,1.91,1.91,4,1.91,250,1.91,2025-09-03 19:23:00+00:00
1756927440000,1.9016,1.9016,1.9,11,1.9,672,1.9004,2025-09-03 19:24:00+00:00
1756927500000,1.91,1.91,1.89,33,1.89,1614,1.896089,2025-09-03 19:25:00+00:00
1756927560000,1.89,1.9,1.89,12,1.9,2517,1.892906,2025-09-03 19:26:00+00:00
1756927620000,1.89,1.8993,1.89,12,1.8993,1734,1.896605,2025-09-03 19:27:00+00:00
1756927680000,1.8886,1.89,1.88,13,1.89,2457,1.884172,2025-09-03 19:28:00+00:00
1756927740000,1.88,1.88,1.88,12,1.88,1262,1.88,2025-09-03 19:29:00+00:00
1756927800000,1.89,1.89,1.88,23,1.88,1911,1.88421,2025-09-03 19:30:00+00:00
1756927860000,1.8801,1.89,1.8801,25,1.89,1189,1.88175,2025-09-03 19:31:00+00:00
1756927920000,1.87,1.88,1.87,38,1.88,3152,1.873305,2025-09-03 19:32:00+00:00
1756928040000,1.875,1.875,1.875,6,1.875,167,1.875,2025-09-03 19:34:00+00:00
1756928100000,1.845,1.86,1.84,29,1.86,4857,1.848352,2025-09-03 19:35:00+00:00
1756928160000,1.87,1.88,1.85,47,1.86,4459,1.864583,2025-09-03 19:36:00+00:00
1756928220000,1.865,1.87,1.865,7,1.87,875,1.867673,2025-09-03 19:37:00+00:00
1756928280000,1.86,1.86,1.86,21,1.86,1962,1.86,2025-09-03 19:38:00+00:00
1756928340000,1.86,1.86,1.86,6,1.86,265,1.86,2025-09-03 19:39:00+00:00
1756928400000,1.86,1.86,1.85,39,1.86,3717,1.853269,2025-09-03 19:40:00+00:00
1756928460000,1.86,1.86,1.86,11,1.86,520,1.86,2025-09-03 19:41:00+00:00
1756928520000,1.85,1.8626,1.85,39,1.851,6827,1.858383,2025-09-03 19:42:00+00:00
1756928640000,1.875,1.875,1.86,37,1.865,4000,1.868645,2025-09-03 19:44:00+00:00
1756928700000,1.885,1.885,1.875,19,1.875,1674,1.879918,2025-09-03 19:45:00+00:00
1756928760000,1.88,1.88,1.88,22,1.88,1865,1.88,2025-09-03 19:46:00+00:00
1756928820000,1.87,1.89,1.8615,25,1.89,6060,1.878045,2025-09-03 19:47:00+00:00
1756928880000,1.875,1.88,1.87,37,1.87,4618,1.878262,2025-09-03 19:48:00+00:00
1756928940000,1.87,1.88,1.87,17,1.875,3560,1.874391,2025-09-03 19:49:00+00:00
1756929000000,1.88,1.88,1.88,8,1.88,422,1.88,2025-09-03 19:50:00+00:00
1756929060000,1.88,1.88,1.87,16,1.88,6660,1.874185,2025-09-03 19:51:00+00:00
1756929120000,1.88,1.88,1.88,24,1.88,1843,1.88,2025-09-03 19:52:00+00:00
1756929180000,1.875,1.875,1.875,5,1.875,307,1.875,2025-09-03 19:53:00+00:00
1756929240000,1.8786,1.88,1.87,47,1.875,7890,1.878935,2025-09-03 19:54:00+00:00
1756929300000,1.865,1.8781,1.865,60,1.875,10232,1.869692,2025-09-03 19:55:00+00:00
1756929360000,1.8698,1.8698,1.86,10,1.866,2041,1.86662,2025-09-03 19:56:00+00:00
1756929420000,1.86,1.89,1.86,110,1.87,13219,1.877283,2025-09-03 19:57:00+00:00
1756929480000,1.888,1.89,1.87,199,1.88,23263,1.885293,2025-09-03 19:58:00+00:00
1756929540000,1.87,1.89,1.85,102,1.87,12963,1.867792,2025-09-03 19:59:00+00:00
1756929600000,1.91,1.91,1.88,4,1.88,12697,1.891706,2025-09-03 20:00:00+00:00
1756992600000,1.94,1.9899,1.94,42,1.95,18273,1.961248,2025-09-04 13:30:00+00:00
1756992660000,1.9,1.97,1.88,88,1.94,33611,1.919249,2025-09-04 13:31:00+00:00
1756992720000,1.76,1.88,1.75,212,1.88,39186,1.801549,2025-09-04 13:32:00+00:00
1756992780000,1.73,1.765,1.73,174,1.7599,24836,1.740835,2025-09-04 13:33:00+00:00
1756992840000,1.75,1.79,1.7202,195,1.73,37301,1.744756,2025-09-04 13:34:00+00:00
1756992900000,1.7308,1.76,1.72,55,1.76,17234,1.733278,2025-09-04 13:35:00+00:00
1756992960000,1.73,1.74,1.73,60,1.7358,8405,1.735763,2025-09-04 13:36:00+00:00
1756993020000,1.7501,1.755,1.745,28,1.75,9383,1.751655,2025-09-04 13:37:00+00:00
1756993080000,1.7508,1.76,1.75,16,1.75,3787,1.751142,2025-09-04 13:38:00+00:00
1756993140000,1.752,1.76,1.75,20,1.75,1128,1.755067,2025-09-04 13:39:00+00:00
1756993200000,1.77,1.78,1.76,43,1.76,9673,1.770796,2025-09-04 13:40:00+00:00
1756993320000,1.78,1.79,1.7711,44,1.7711,3797,1.782033,2025-09-04 13:42:00+00:00
1756993380000,1.78,1.78,1.77,26,1.7701,2983,1.773194,2025-09-04 13:43:00+00:00
1756993440000,1.772,1.775,1.772,9,1.775,721,1.772688,2025-09-04 13:44:00+00:00
1756993500000,1.77,1.7736,1.77,20,1.77,12409,1.772289,2025-09-04 13:45:00+00:00
1756993560000,1.77,1.7728,1.77,14,1.7728,2086,1.770435,2025-09-04 13:46:00+00:00
1756993620000,1.77,1.77,1.77,13,1.77,3556,1.77,2025-09-04 13:47:00+00:00
1756993680000,1.78,1.8,1.7602,58,1.77,9593,1.774894,2025-09-04 13:48:00+00:00
1756993740000,1.78,1.795,1.773,34,1.7889,13395,1.777426,2025-09-04 13:49:00+00:00
1756993800000,1.7,1.77,1.68,113,1.77,40584,1.722858,2025-09-04 13:50:00+00:00
1756993860000,1.69,1.73,1.68,108,1.7,15949,1.691085,2025-09-04 13:51:00+00:00
1756993920000,1.7,1.7001,1.6987,35,1.6987,2769,1.699954,2025-09-04 13:52:00+00:00
1756993980000,1.71,1.71,1.69,70,1.69,2044,1.702593,2025-09-04 13:53:00+00:00
1756994040000,1.7,1.74,1.7,16,1.7,1897,1.708204,2025-09-04 13:54:00+00:00
1756994100000,1.75,1.75,1.69,83,1.7,7822,1.713857,2025-09-04 13:55:00+00:00
1756994160000,1.74,1.75,1.73,30,1.73,2692,1.74,2025-09-04 13:56:00+00:00
1756994220000,1.75,1.77,1.75,14,1.77,1205,1.757487,2025-09-04 13:57:00+00:00
1756994280000,1.77,1.77,1.74,10,1.755,910,1.750714,2025-09-04 13:58:00+00:00
1756994340000,1.78,1.78,1.75,59,1.755,15519,1.764292,2025-09-04 13:59:00+00:00
1756994400000,1.76,1.78,1.76,37,1.77,3016,1.771375,2025-09-04 14:00:00+00:00
1756994460000,1.79,1.79,1.78,23,1.78,1991,1.78499,2025-09-04 14:01:00+00:00
1756994520000,1.79,1.799,1.785,19,1.785,2531,1.792335,2025-09-04 14:02:00+00:00
1756994580000,1.781,1.781,1.781,9,1.781,665,1.781,2025-09-04 14:03:00+00:00
1756994640000,1.78,1.7801,1.78,22,1.7801,2985,1.780038,2025-09-04 14:04:00+00:00
1756994700000,1.8,1.8,1.79,36,1.79,2490,1.791239,2025-09-04 14:05:00+00:00
1756994760000,1.7801,1.7801,1.78,10,1.78,1643,1.780045,2025-09-04 14:06:00+00:00
1756994820000,1.7816,1.79,1.7816,15,1.79,7095,1.789276,2025-09-04 14:07:00+00:00
1756994880000,1.784,1.79,1.78,39,1.79,3524,1.782168,2025-09-04 14:08:00+00:00
1756994940000,1.78,1.79,1.78,12,1.79,1682,1.78061,2025-09-04 14:09:00+00:00
1756995000000,1.785,1.79,1.77,40,1.78,5975,1.77954,2025-09-04 14:10:00+00:00
1756995060000,1.78,1.79,1.78,26,1.785,2507,1.78341,2025-09-04 14:11:00+00:00
1756995120000,1.78,1.79,1.78,31,1.78,4351,1.785499,2025-09-04 14:12:00+00:00
1756995180000,1.78,1.78,1.7716,8,1.78,743,1.776933,2025-09-04 14:13:00+00:00
1756995240000,1.81,1.81,1.78,22,1.78,1479,1.793977,2025-09-04 14:14:00+00:00
1756995300000,1.8016,1.82,1.8,31,1.8,5600,1.807459,2025-09-04 14:15:00+00:00
1756995360000,1.8,1.815,1.8,17,1.815,1197,1.802778,2025-09-04 14:16:00+00:00
1756995420000,1.83,1.83,1.79,33,1.79,2383,1.81866,2025-09-04 14:17:00+00:00
1756995480000,1.77,1.84,1.77,22,1.84,1987,1.818485,2025-09-04 14:18:00+00:00
1756995540000,1.82,1.83,1.82,10,1.83,1172,1.825169,2025-09-04 14:19:00+00:00
1756995660000,1.8,1.82,1.8,22,1.82,4198,1.809662,2025-09-04 14:21:00+00:00
1756995720000,1.78,1.8,1.78,16,1.8,2356,1.783291,2025-09-04 14:22:00+00:00
1756995780000,1.82,1.82,1.78,50,1.78,6268,1.800839,2025-09-04 14:23:00+00:00
1756995840000,1.8,1.8194,1.8,12,1.8194,2502,1.809503,2025-09-04 14:24:00+00:00
1756995900000,1.7921,1.7921,1.7852,8,1.7852,1392,1.791561,2025-09-04 14:25:00+00:00
1756995960000,1.8005,1.8005,1.8005,6,1.8005,1025,1.8005,2025-09-04 14:26:00+00:00
1756996020000,1.7947,1.7947,1.7947,8,1.7947,295,1.7947,2025-09-04 14:27:00+00:00
1756996080000,1.78,1.79,1.78,20,1.79,3142,1.788538,2025-09-04 14:28:00+00:00
1756996140000,1.795,1.8,1.795,10,1.8,1309,1.799412,2025-09-04 14:29:00+00:00
1756996200000,1.795,1.795,1.795,6,1.795,114,1.795,2025-09-04 14:30:00+00:00
1756996320000,1.79,1.79,1.79,14,1.79,1458,1.79,2025-09-04 14:32:00+00:00
1756996380000,1.795,1.81,1.795,7,1.81,519,1.798,2025-09-04 14:33:00+00:00
1756996440000,1.795,1.82,1.79,128,1.795,7530,1.804557,2025-09-04 14:34:00+00:00
1756996500000,1.82,1.82,1.795,17,1.795,1414,1.809213,2025-09-04 14:35:00+00:00
1756996560000,1.82,1.82,1.81,11,1.82,1120,1.817368,2025-09-04 14:36:00+00:00
1756996620000,1.82,1.82,1.8001,7,1.8001,630,1.816683,2025-09-04 14:37:00+00:00
1756996680000,1.82,1.82,1.81,21,1.82,1722,1.8141,2025-09-04 14:38:00+00:00
1756996740000,1.82,1.84,1.82,10,1.83,2031,1.836379,2025-09-04 14:39:00+00:00
1756996860000,1.83,1.85,1.83,27,1.84,3046,1.841034,2025-09-04 14:41:00+00:00
1756996980000,1.83,1.83,1.83,5,1.83,230,1.83,2025-09-04 14:43:00+00:00
1756997040000,1.83,1.83,1.83,3,1.83,112,1.83,2025-09-04 14:44:00+00:00
1756997100000,1.825,1.825,1.825,6,1.825,188,1.825,2025-09-04 14:45:00+00:00
1756997160000,1.825,1.825,1.825,12,1.825,1145,1.825,2025-09-04 14:46:00+00:00
1756997220000,1.8343,1.85,1.8343,19,1.85,3909,1.84065,2025-09-04 14:47:00+00:00
1756997280000,1.8585,1.86,1.83,44,1.86,5876,1.843469,2025-09-04 14:48:00+00:00
1756997340000,1.86,1.86,1.86,14,1.86,845,1.86,2025-09-04 14:49:00+00:00
1756997400000,1.8133,1.86,1.81,38,1.86,8780,1.83715,2025-09-04 14:50:00+00:00
1756997460000,1.82,1.83,1.82,6,1.83,3280,1.82387,2025-09-04 14:51:00+00:00
1756997520000,1.82,1.83,1.81,19,1.83,3072,1.814154,2025-09-04 14:52:00+00:00
1756997580000,1.8385,1.84,1.82,33,1.82,4942,1.828073,2025-09-04 14:53:00+00:00
1756997640000,1.84,1.84,1.835,36,1.84,2051,1.839381,2025-09-04 14:54:00+00:00
1756997760000,1.8,1.85,1.8,23,1.85,11175,1.826621,2025-09-04 14:56:00+00:00
1756997820000,1.805,1.8125,1.8,9,1.8,851,1.802813,2025-09-04 14:57:00+00:00
1756997880000,1.79,1.805,1.79,128,1.805,8599,1.792754,2025-09-04 14:58:00+00:00
1756998000000,1.8,1.8,1.79,30,1.8,1620,1.797981,2025-09-04 15:00:00+00:00
1756998060000,1.81,1.81,1.8,16,1.81,842,1.808623,2025-09-04 15:01:00+00:00
1756998120000,1.795,1.81,1.795,17,1.81,1294,1.801409,2025-09-04 15:02:00+00:00
1756998180000,1.79,1.7908,1.79,11,1.7908,1213,1.790368,2025-09-04 15:03:00+00:00
1756998240000,1.8,1.81,1.795,20,1.8,20323,1.800025,2025-09-04 15:04:00+00:00
1756998300000,1.79,1.8,1.79,23,1.8,2293,1.790778,2025-09-04 15:05:00+00:00
1756998360000,1.78,1.78,1.78,13,1.78,2128,1.78,2025-09-04 15:06:00+00:00
1756998420000,1.78,1.78,1.775,15,1.775,1226,1.779091,2025-09-04 15:07:00+00:00
1756998600000,1.77,1.77,1.77,9,1.77,684,1.77,2025-09-04 15:10:00+00:00
1756998720000,1.75,1.7501,1.75,11,1.7501,2678,1.750062,2025-09-04 15:12:00+00:00
1756998780000,1.75,1.75,1.75,20,1.75,1033,1.75,2025-09-04 15:13:00+00:00
1756998840000,1.75,1.75,1.75,3,1.75,245,1.75,2025-09-04 15:14:00+00:00
1756998900000,1.75,1.7594,1.745,19,1.7594,2807,1.751818,2025-09-04 15:15:00+00:00
1756998960000,1.74,1.7427,1.74,10,1.7427,674,1.740501,2025-09-04 15:16:00+00:00
1756999020000,1.74,1.74,1.725,56,1.731,5311,1.733923,2025-09-04 15:17:00+00:00
1756999140000,1.7285,1.7285,1.715,18,1.72,2528,1.723721,2025-09-04 15:19:00+00:00
1756999200000,1.72,1.7239,1.72,10,1.7239,2168,1.722719,2025-09-04 15:20:00+00:00
1756999260000,1.73,1.73,1.7103,9,1.7103,2217,1.72821,2025-09-04 15:21:00+00:00
1756999380000,1.73,1.755,1.73,7,1.755,546,1.735,2025-09-04 15:23:00+00:00
1756999440000,1.71,1.725,1.7,37,1.725,3130,1.708167,2025-09-04 15:24:00+00:00
1756999500000,1.7196,1.7196,1.71,15,1.71,4521,1.714835,2025-09-04 15:25:00+00:00
1756999560000,1.735,1.735,1.7066,39,1.7066,3589,1.724373,2025-09-04 15:26:00+00:00
1756999620000,1.75,1.75,1.75,2,1.75,101,1.75,2025-09-04 15:27:00+00:00
1756999680000,1.721,1.721,1.721,1,1.721,1245,1.721,2025-09-04 15:28:00+00:00
1756999800000,1.75,1.75,1.73,37,1.735,5215,1.746384,2025-09-04 15:30:00+00:00
1756999860000,1.75,1.75,1.75,20,1.75,1446,1.75,2025-09-04 15:31:00+00:00
1756999920000,1.7211,1.7211,1.7211,3,1.7211,482,1.7211,2025-09-04 15:32:00+00:00
1756999980000,1.73,1.73,1.73,46,1.73,3067,1.73,2025-09-04 15:33:00+00:00
1757000040000,1.73,1.76,1.72,86,1.75,21227,1.754496,2025-09-04 15:34:00+00:00
1757000100000,1.7499,1.7499,1.7499,3,1.7499,3034,1.7499,2025-09-04 15:35:00+00:00
1757000160000,1.74,1.74,1.74,7,1.74,1043,1.74,2025-09-04 15:36:00+00:00
1757000280000,1.73,1.73,1.72,30,1.73,2002,1.728466,2025-09-04 15:38:00+00:00
1757000340000,1.72,1.72,1.72,6,1.72,610,1.72,2025-09-04 15:39:00+00:00
1757000400000,1.73,1.73,1.716,21,1.716,2439,1.727621,2025-09-04 15:40:00+00:00
1757000520000,1.71,1.71,1.71,8,1.71,2505,1.71,2025-09-04 15:42:00+00:00
1757000580000,1.7118,1.7118,1.7118,2,1.7118,200,1.7118,2025-09-04 15:43:00+00:00
1757000760000,1.73,1.73,1.71,22,1.71,2603,1.724809,2025-09-04 15:46:00+00:00
1757000880000,1.71,1.73,1.71,10,1.73,2879,1.711429,2025-09-04 15:48:00+00:00
1757000940000,1.73,1.73,1.73,6,1.73,252,1.73,2025-09-04 15:49:00+00:00
1757001000000,1.73,1.73,1.72,18,1.72,11051,1.729053,2025-09-04 15:50:00+00:00
1757001060000,1.72,1.73,1.71,13,1.71,5641,1.728914,2025-09-04 15:51:00+00:00
1757001120000,1.7216,1.73,1.7216,5,1.73,2380,1.728719,2025-09-04 15:52:00+00:00
1757001180000,1.72,1.73,1.72,10,1.73,1029,1.723247,2025-09-04 15:53:00+00:00
1757001300000,1.72,1.72,1.71,24,1.71,3612,1.712886,2025-09-04 15:55:00+00:00
1757001360000,1.725,1.73,1.725,2,1.73,700,1.726429,2025-09-04 15:56:00+00:00
1757001480000,1.7298,1.7298,1.725,9,1.725,659,1.7274,2025-09-04 15:58:00+00:00
1757001540000,1.7395,1.74,1.725,34,1.73,2672,1.734106,2025-09-04 15:59:00+00:00
1757001600000,1.74,1.74,1.73,3,1.74,400,1.7375,2025-09-04 16:00:00+00:00
1757001660000,1.73,1.73,1.72,19,1.72,3058,1.721071,2025-09-04 16:01:00+00:00
1757001720000,1.74,1.74,1.73,5,1.74,450,1.735714,2025-09-04 16:02:00+00:00
1757001780000,1.74,1.74,1.74,3,1.74,114,1.74,2025-09-04 16:03:00+00:00
1757001840000,1.73,1.74,1.73,6,1.74,675,1.738462,2025-09-04 16:04:00+00:00
1757001900000,1.73,1.73,1.73,5,1.73,317,1.73,2025-09-04 16:05:00+00:00
1757001960000,1.72,1.7275,1.72,12,1.7275,1180,1.72072,2025-09-04 16:06:00+00:00
1757002020000,1.72,1.72,1.71,36,1.71,2606,1.71769,2025-09-04 16:07:00+00:00
1757002080000,1.72,1.72,1.71,17,1.71,952,1.713443,2025-09-04 16:08:00+00:00
1757002140000,1.71,1.71,1.71,24,1.71,941,1.71,2025-09-04 16:09:00+00:00
1757002200000,1.71,1.71,1.7,27,1.71,4547,1.706118,2025-09-04 16:10:00+00:00
1757002260000,1.7001,1.72,1.7001,31,1.72,3036,1.710267,2025-09-04 16:11:00+00:00
1757002320000,1.72,1.72,1.72,4,1.72,255,1.72,2025-09-04 16:12:00+00:00
1757002380000,1.72,1.72,1.71,3,1.72,800,1.71875,2025-09-04 16:13:00+00:00
1757002440000,1.72,1.72,1.718,4,1.718,352,1.718571,2025-09-04 16:14:00+00:00
1757002500000,1.72,1.72,1.71,5,1.71,384,1.713333,2025-09-04 16:15:00+00:00
1757002560000,1.71,1.72,1.7,37,1.72,3344,1.702311,2025-09-04 16:16:00+00:00
1757002620000,1.71,1.71,1.705,4,1.705,410,1.70875,2025-09-04 16:17:00+00:00
1757002680000,1.71,1.71,1.7046,6,1.705,811,1.706725,2025-09-04 16:18:00+00:00
1757002740000,1.71,1.71,1.71,17,1.71,2114,1.71,2025-09-04 16:19:00+00:00
1757002800000,1.715,1.7175,1.7125,9,1.715,3050,1.715,2025-09-04 16:20:00+00:00
1757002860000,1.73,1.73,1.72,19,1.72,2145,1.720556,2025-09-04 16:21:00+00:00
1757002920000,1.71,1.72,1.71,33,1.71,1603,1.716088,2025-09-04 16:22:00+00:00
1757002980000,1.7198,1.72,1.7198,5,1.72,1313,1.719846,2025-09-04 16:23:00+00:00
1757003040000,1.7,1.72,1.7,12,1.7073,3020,1.701193,2025-09-04 16:24:00+00:00
1757003100000,1.71,1.71,1.71,6,1.71,1002,1.71,2025-09-04 16:25:00+00:00
1757003160000,1.715,1.73,1.715,3,1.73,210,1.7225,2025-09-04 16:26:00+00:00
1757003220000,1.73,1.73,1.73,2,1.73,206,1.73,2025-09-04 16:27:00+00:00
1757003280000,1.73,1.73,1.73,2,1.73,310,1.73,2025-09-04 16:28:00+00:00
1757003340000,1.715,1.715,1.715,3,1.715,170,1.715,2025-09-04 16:29:00+00:00
1757003400000,1.74,1.74,1.73,10,1.73,1845,1.735775,2025-09-04 16:30:00+00:00
1757003460000,1.7292,1.73,1.7292,4,1.73,313,1.729733,2025-09-04 16:31:00+00:00
1757003520000,1.74,1.74,1.74,4,1.74,660,1.74,2025-09-04 16:32:00+00:00
1757003580000,1.7198,1.72,1.7198,11,1.72,516,1.719925,2025-09-04 16:33:00+00:00
1757003640000,1.7001,1.7001,1.7,23,1.7,2968,1.70001,2025-09-04 16:34:00+00:00
1757003700000,1.7028,1.705,1.7,4,1.7,1626,1.701237,2025-09-04 16:35:00+00:00
1757003760000,1.705,1.705,1.705,1,1.705,100,1.705,2025-09-04 16:36:00+00:00
1757003820000,1.7,1.71,1.7,33,1.71,4531,1.707313,2025-09-04 16:37:00+00:00
1757003880000,1.7006,1.705,1.7006,2,1.705,1617,1.700872,2025-09-04 16:38:00+00:00
1757003940000,1.7,1.71,1.7,63,1.7,10754,1.706167,2025-09-04 16:39:00+00:00
1757004120000,1.701,1.705,1.701,4,1.705,490,1.702818,2025-09-04 16:42:00+00:00
1757004180000,1.705,1.705,1.7,13,1.7009,4145,1.70024,2025-09-04 16:43:00+00:00
1757004240000,1.705,1.705,1.7,2,1.7,200,1.7025,2025-09-04 16:44:00+00:00
1757004300000,1.7092,1.7092,1.7092,2,1.7092,601,1.7092,2025-09-04 16:45:00+00:00
1757004540000,1.7,1.705,1.7,7,1.7004,10723,1.700346,2025-09-04 16:49:00+00:00
1757004600000,1.7,1.7,1.7,1,1.7,130,1.7,2025-09-04 16:50:00+00:00
1757004660000,1.705,1.705,1.705,3,1.705,303,1.705,2025-09-04 16:51:00+00:00
1757004720000,1.7015,1.7015,1.7015,1,1.7015,100,1.7015,2025-09-04 16:52:00+00:00
1757004780000,1.7058,1.7058,1.7058,1,1.7058,500,1.7058,2025-09-04 16:53:00+00:00
1757004840000,1.7,1.71,1.7,38,1.71,6939,1.705124,2025-09-04 16:54:00+00:00
1757004960000,1.705,1.705,1.7,21,1.7,4565,1.701245,2025-09-04 16:56:00+00:00
1757005020000,1.725,1.725,1.7,81,1.7,14547,1.703002,2025-09-04 16:57:00+00:00
1757005080000,1.72,1.72,1.72,1,1.72,100,1.72,2025-09-04 16:58:00+00:00
1757005260000,1.7299,1.7299,1.725,4,1.725,1200,1.725817,2025-09-04 17:01:00+00:00
1757005320000,1.74,1.74,1.725,14,1.725,2097,1.734269,2025-09-04 17:02:00+00:00
1757005380000,1.7238,1.74,1.7238,7,1.74,2321,1.728226,2025-09-04 17:03:00+00:00
1757005620000,1.73,1.73,1.71,56,1.73,3828,1.717634,2025-09-04 17:07:00+00:00
1757005740000,1.726,1.74,1.726,11,1.74,5766,1.739673,2025-09-04 17:09:00+00:00
1757005800000,1.74,1.74,1.74,4,1.74,500,1.74,2025-09-04 17:10:00+00:00
1757005980000,1.715,1.72,1.71,15,1.72,2841,1.710556,2025-09-04 17:13:00+00:00
1757006040000,1.71,1.71,1.71,7,1.71,10064,1.71,2025-09-04 17:14:00+00:00
1757006100000,1.7,1.71,1.7,11,1.7008,2240,1.704124,2025-09-04 17:15:00+00:00
1757006160000,1.705,1.705,1.705,3,1.705,256,1.705,2025-09-04 17:16:00+00:00
1757006220000,1.71,1.71,1.71,9,1.71,1785,1.71,2025-09-04 17:17:00+00:00
1757006400000,1.7042,1.7042,1.7,20,1.7,3809,1.700357,2025-09-04 17:20:00+00:00
1757006460000,1.71,1.71,1.71,1,1.71,1000,1.71,2025-09-04 17:21:00+00:00
1757006520000,1.705,1.705,1.705,3,1.705,260,1.705,2025-09-04 17:22:00+00:00
1757006640000,1.705,1.71,1.681,81,1.7,12501,1.695094,2025-09-04 17:24:00+00:00
1757006760000,1.715,1.715,1.715,1,1.715,200,1.715,2025-09-04 17:26:00+00:00
1757006820000,1.71,1.71,1.71,15,1.71,2559,1.71,2025-09-04 17:27:00+00:00
1757006940000,1.72,1.72,1.7135,4,1.7135,3231,1.713906,2025-09-04 17:29:00+00:00
1757007000000,1.73,1.73,1.72,28,1.72,3344,1.728456,2025-09-04 17:30:00+00:00
1757007120000,1.72,1.72,1.72,2,1.72,219,1.72,2025-09-04 17:32:00+00:00
1757007180000,1.71,1.71,1.71,29,1.71,1291,1.71,2025-09-04 17:33:00+00:00
1757007300000,1.71,1.71,1.71,18,1.71,2720,1.71,2025-09-04 17:35:00+00:00
1757007420000,1.7118,1.7118,1.7118,2,1.7118,225,1.7118,2025-09-04 17:37:00+00:00
1757007540000,1.72,1.72,1.72,6,1.72,176,1.72,2025-09-04 17:39:00+00:00
1757007600000,1.71,1.71,1.71,24,1.71,1338,1.71,2025-09-04 17:40:00+00:00
1757007720000,1.69,1.7,1.68,103,1.7,8163,1.683809,2025-09-04 17:42:00+00:00
1757007780000,1.69,1.69,1.67,79,1.68,11030,1.677497,2025-09-04 17:43:00+00:00
1757007840000,1.68,1.68,1.68,1,1.68,200,1.68,2025-09-04 17:44:00+00:00
1757007960000,1.69,1.69,1.69,4,1.69,258,1.69,2025-09-04 17:46:00+00:00
1757008080000,1.68,1.68,1.67,12,1.68,2913,1.671724,2025-09-04 17:48:00+00:00
1757008320000,1.6702,1.6702,1.67,3,1.67,301,1.670133,2025-09-04 17:52:00+00:00
1757008380000,1.675,1.675,1.6701,8,1.6701,1200,1.67353,2025-09-04 17:53:00+00:00
1757008440000,1.665,1.67,1.66,32,1.67,26770,1.669886,2025-09-04 17:54:00+00:00
1757008500000,1.665,1.67,1.665,7,1.665,664,1.667,2025-09-04 17:55:00+00:00
1757008560000,1.6699,1.6699,1.6699,1,1.6699,2000,1.6699,2025-09-04 17:56:00+00:00
1757008620000,1.6615,1.67,1.6605,7,1.67,1501,1.665333,2025-09-04 17:57:00+00:00
1757008740000,1.6601,1.67,1.6601,8,1.665,850,1.664724,2025-09-04 17:59:00+00:00
1757008800000,1.66,1.66,1.66,19,1.66,3107,1.66,2025-09-04 18:00:00+00:00
1757008860000,1.65,1.6511,1.65,19,1.6511,6426,1.650354,2025-09-04 18:01:00+00:00
1757008920000,1.6591,1.6591,1.6591,4,1.6591,402,1.6591,2025-09-04 18:02:00+00:00
1757008980000,1.65,1.65,1.65,2,1.65,166,1.65,2025-09-04 18:03:00+00:00
1757009040000,1.64,1.65,1.64,19,1.65,1472,1.649066,2025-09-04 18:04:00+00:00
1757009100000,1.6492,1.6492,1.6407,10,1.6407,993,1.645174,2025-09-04 18:05:00+00:00
1757009160000,1.6797,1.6797,1.65,25,1.65,1768,1.655671,2025-09-04 18:06:00+00:00
1757009220000,1.65,1.6739,1.65,7,1.6739,6620,1.662743,2025-09-04 18:07:00+00:00
1757009280000,1.64,1.64,1.64,14,1.64,2478,1.64,2025-09-04 18:08:00+00:00
1757009340000,1.63,1.63,1.62,102,1.63,5185,1.628657,2025-09-04 18:09:00+00:00
1757009400000,1.63,1.63,1.627,7,1.63,922,1.629625,2025-09-04 18:10:00+00:00
1757009460000,1.6268,1.6268,1.625,8,1.625,818,1.625922,2025-09-04 18:11:00+00:00
1757009520000,1.62,1.625,1.62,9,1.625,1535,1.62431,2025-09-04 18:12:00+00:00
1757009580000,1.61,1.62,1.61,34,1.62,2499,1.610879,2025-09-04 18:13:00+00:00
1757009640000,1.625,1.6354,1.61,28,1.61,7026,1.61565,2025-09-04 18:14:00+00:00
1757009700000,1.63,1.63,1.6191,12,1.6191,6160,1.622158,2025-09-04 18:15:00+00:00
1757009760000,1.6265,1.6265,1.6265,7,1.6265,282,1.6265,2025-09-04 18:16:00+00:00
1757009820000,1.6254,1.6254,1.6254,3,1.6254,151,1.6254,2025-09-04 18:17:00+00:00
1757009940000,1.62,1.63,1.61,39,1.63,5262,1.620682,2025-09-04 18:19:00+00:00
1757010060000,1.6299,1.63,1.6299,8,1.63,526,1.629975,2025-09-04 18:21:00+00:00
1757010120000,1.63,1.6398,1.63,6,1.6398,820,1.633728,2025-09-04 18:22:00+00:00
1757010180000,1.64,1.64,1.64,5,1.64,189,1.64,2025-09-04 18:23:00+00:00
1757010300000,1.64,1.64,1.62,98,1.63,5900,1.627211,2025-09-04 18:25:00+00:00
1757010360000,1.64,1.64,1.64,11,1.64,1267,1.64,2025-09-04 18:26:00+00:00
1757010420000,1.6438,1.6438,1.6438,2,1.6438,1014,1.6438,2025-09-04 18:27:00+00:00
1757010540000,1.64,1.64,1.64,14,1.64,747,1.64,2025-09-04 18:29:00+00:00
1757010600000,1.63,1.64,1.63,21,1.64,2106,1.630635,2025-09-04 18:30:00+00:00
1757010660000,1.62,1.62,1.62,6,1.62,311,1.62,2025-09-04 18:31:00+00:00
1757010720000,1.62,1.625,1.62,4,1.625,271,1.6225,2025-09-04 18:32:00+00:00
1757010780000,1.61,1.63,1.61,12,1.63,2809,1.613214,2025-09-04 18:33:00+00:00
1757010840000,1.62,1.62,1.62,1,1.62,526,1.62,2025-09-04 18:34:00+00:00
1757010900000,1.63,1.63,1.63,5,1.63,417,1.63,2025-09-04 18:35:00+00:00
1757010960000,1.63,1.63,1.63,3,1.63,641,1.63,2025-09-04 18:36:00+00:00
1757011140000,1.62,1.62,1.62,9,1.62,2463,1.62,2025-09-04 18:39:00+00:00
1757011200000,1.63,1.63,1.63,5,1.63,268,1.63,2025-09-04 18:40:00+00:00
1757011260000,1.62,1.62,1.62,4,1.62,2051,1.62,2025-09-04 18:41:00+00:00
1757011320000,1.6206,1.6206,1.6206,1,1.6206,2000,1.6206,2025-09-04 18:42:00+00:00
1757011380000,1.625,1.625,1.625,2,1.625,250,1.625,2025-09-04 18:43:00+00:00
1757011440000,1.6299,1.6299,1.625,5,1.625,6337,1.629745,2025-09-04 18:44:00+00:00
1757011500000,1.6243,1.63,1.62,46,1.62,6802,1.622992,2025-09-04 18:45:00+00:00
1757011620000,1.625,1.63,1.625,8,1.6293,2680,1.62927,2025-09-04 18:47:00+00:00
1757011680000,1.63,1.63,1.63,2,1.63,1002,1.63,2025-09-04 18:48:00+00:00
1757011740000,1.64,1.64,1.63,12,1.64,1190,1.635455,2025-09-04 18:49:00+00:00
1757011800000,1.6321,1.6321,1.63,3,1.63,210,1.63105,2025-09-04 18:50:00+00:00
1757011860000,1.62,1.63,1.62,9,1.63,2699,1.620421,2025-09-04 18:51:00+00:00
1757011920000,1.625,1.63,1.625,24,1.63,1059,1.629,2025-09-04 18:52:00+00:00
1757011980000,1.6299,1.6299,1.625,3,1.625,814,1.628036,2025-09-04 18:53:00+00:00
1757012040000,1.6262,1.6262,1.6262,3,1.6262,1080,1.6262,2025-09-04 18:54:00+00:00
1757012220000,1.63,1.63,1.62,29,1.62,4787,1.624066,2025-09-04 18:57:00+00:00
1757012280000,1.63,1.63,1.63,1,1.63,1000,1.63,2025-09-04 18:58:00+00:00
1757012400000,1.63,1.64,1.63,10,1.64,1216,1.637736,2025-09-04 19:00:00+00:00
1757012460000,1.64,1.64,1.639,9,1.639,4248,1.639593,2025-09-04 19:01:00+00:00
1757012520000,1.63,1.63,1.63,1,1.63,125,1.63,2025-09-04 19:02:00+00:00
1757012580000,1.64,1.64,1.64,2,1.64,200,1.64,2025-09-04 19:03:00+00:00
1757012640000,1.62,1.63,1.62,15,1.63,2866,1.62037,2025-09-04 19:04:00+00:00
1757012760000,1.62,1.62,1.62,3,1.62,835,1.62,2025-09-04 19:06:00+00:00
1757012820000,1.635,1.635,1.63,24,1.63,1991,1.631059,2025-09-04 19:07:00+00:00
1757012880000,1.68,1.71,1.6399,147,1.6399,27427,1.669885,2025-09-04 19:08:00+00:00
1757012940000,1.715,1.72,1.7,37,1.7,2470,1.71384,2025-09-04 19:09:00+00:00
1757013000000,1.7,1.71,1.7,10,1.71,557,1.70409,2025-09-04 19:10:00+00:00
1757013060000,1.7196,1.7196,1.7098,10,1.7098,1780,1.71054,2025-09-04 19:11:00+00:00
1757013120000,1.66,1.685,1.66,9,1.685,2720,1.665,2025-09-04 19:12:00+00:00
1757013180000,1.685,1.72,1.685,29,1.685,5200,1.713222,2025-09-04 19:13:00+00:00
1757013240000,1.689,1.689,1.67,6,1.67,256,1.6795,2025-09-04 19:14:00+00:00
1757013300000,1.68,1.69,1.68,10,1.69,6435,1.681738,2025-09-04 19:15:00+00:00
1757013360000,1.68,1.68,1.68,4,1.68,379,1.68,2025-09-04 19:16:00+00:00
1757013420000,1.6712,1.675,1.6712,2,1.675,200,1.6731,2025-09-04 19:17:00+00:00
1757013480000,1.675,1.675,1.67,9,1.6701,6031,1.670168,2025-09-04 19:18:00+00:00
1757013540000,1.66,1.68,1.66,61,1.675,8753,1.670215,2025-09-04 19:19:00+00:00
1757013600000,1.65,1.66,1.64,24,1.66,2660,1.642,2025-09-04 19:20:00+00:00
1757013780000,1.65,1.65,1.65,3,1.65,222,1.65,2025-09-04 19:23:00+00:00
1757013840000,1.65,1.6583,1.65,3,1.6583,300,1.654433,2025-09-04 19:24:00+00:00
1757013900000,1.65,1.65,1.65,4,1.65,462,1.65,2025-09-04 19:25:00+00:00
1757013960000,1.6457,1.65,1.64,11,1.65,3500,1.643057,2025-09-04 19:26:00+00:00
1757014020000,1.65,1.65,1.65,3,1.65,251,1.65,2025-09-04 19:27:00+00:00
1757014140000,1.65,1.65,1.65,13,1.65,475,1.65,2025-09-04 19:29:00+00:00
1757014200000,1.6598,1.6598,1.6479,3,1.6479,1699,1.650783,2025-09-04 19:30:00+00:00
1757014260000,1.66,1.66,1.66,1,1.66,2000,1.66,2025-09-04 19:31:00+00:00
1757014320000,1.65,1.65,1.64,10,1.65,2725,1.641111,2025-09-04 19:32:00+00:00
1757014500000,1.6499,1.65,1.645,5,1.645,1543,1.648711,2025-09-04 19:35:00+00:00
1757014680000,1.645,1.65,1.645,13,1.65,4158,1.648123,2025-09-04 19:38:00+00:00
1757014740000,1.645,1.65,1.63,64,1.64,10365,1.642458,2025-09-04 19:39:00+00:00
1757014800000,1.64,1.645,1.64,5,1.645,416,1.641449,2025-09-04 19:40:00+00:00
1757014860000,1.635,1.635,1.635,1,1.635,300,1.635,2025-09-04 19:41:00+00:00
1757014980000,1.635,1.64,1.635,6,1.635,4260,1.635235,2025-09-04 19:43:00+00:00
1757015040000,1.635,1.6356,1.635,2,1.6356,3100,1.635581,2025-09-04 19:44:00+00:00
1757015100000,1.6398,1.64,1.635,4,1.64,770,1.639325,2025-09-04 19:45:00+00:00
1757015160000,1.64,1.64,1.63,43,1.64,6705,1.632928,2025-09-04 19:46:00+00:00
1757015280000,1.65,1.66,1.6401,41,1.66,13858,1.648813,2025-09-04 19:48:00+00:00
1757015340000,1.65,1.65,1.65,3,1.65,539,1.65,2025-09-04 19:49:00+00:00
1757015400000,1.66,1.66,1.65,50,1.65,2797,1.655296,2025-09-04 19:50:00+00:00
1757015520000,1.66,1.665,1.65,9,1.65,7350,1.658272,2025-09-04 19:52:00+00:00
1757015580000,1.665,1.67,1.665,3,1.67,2295,1.667911,2025-09-04 19:53:00+00:00
1757015640000,1.65,1.6799,1.65,12,1.6799,2610,1.65126,2025-09-04 19:54:00+00:00
1757015700000,1.66,1.67,1.66,32,1.67,4803,1.668125,2025-09-04 19:55:00+00:00
1757015760000,1.6699,1.67,1.66,14,1.66,2429,1.667874,2025-09-04 19:56:00+00:00
1757015820000,1.6677,1.67,1.6677,6,1.67,425,1.669138,2025-09-04 19:57:00+00:00
1757015880000,1.68,1.68,1.65,214,1.67,10099,1.668822,2025-09-04 19:58:00+00:00
1757015940000,1.68,1.71,1.65,71,1.68,21348,1.674873,2025-09-04 19:59:00+00:00
1757016000000,1.7,1.7,1.7,6,1.7,7289,1.7,2025-09-04 20:00:00+00:00
1757079000000,1.715,1.715,1.7,13,1.7,4923,1.703205,2025-09-05 13:30:00+00:00
1757079120000,1.7002,1.705,1.7002,5,1.705,3127,1.700642,2025-09-05 13:32:00+00:00
1757079180000,1.7,1.7,1.7,5,1.7,236,1.7,2025-09-05 13:33:00+00:00
1757079240000,1.7,1.7,1.7,3,1.7,1002,1.7,2025-09-05 13:34:00+00:00
1757079300000,1.705,1.705,1.705,2,1.705,101,1.705,2025-09-05 13:35:00+00:00
1757079360000,1.7,1.71,1.7,7,1.7001,7197,1.702155,2025-09-05 13:36:00+00:00
1757079420000,1.71,1.71,1.7002,5,1.7002,2531,1.70608,2025-09-05 13:37:00+00:00
1757079480000,1.7001,1.71,1.7001,11,1.705,1180,1.705927,2025-09-05 13:38:00+00:00
1757079540000,1.7,1.7,1.7,3,1.7,670,1.7,2025-09-05 13:39:00+00:00
1757079600000,1.7014,1.7014,1.7014,2,1.7014,568,1.7014,2025-09-05 13:40:00+00:00
1757079660000,1.7,1.7,1.7,1,1.7,2000,1.7,2025-09-05 13:41:00+00:00
1757079780000,1.71,1.71,1.71,1,1.71,165,1.71,2025-09-05 13:43:00+00:00
1757079900000,1.7016,1.705,1.7,5,1.7,1405,1.701282,2025-09-05 13:45:00+00:00
1757079960000,1.71,1.71,1.71,1,1.71,100,1.71,2025-09-05 13:46:00+00:00
1757080020000,1.7001,1.705,1.7001,5,1.705,592,1.70108,2025-09-05 13:47:00+00:00
1757080080000,1.7031,1.7031,1.7031,2,1.7031,110,1.7031,2025-09-05 13:48:00+00:00
1757080200000,1.7,1.7,1.7,1,1.7,104,1.7,2025-09-05 13:50:00+00:00
1757080260000,1.7001,1.71,1.7,8,1.71,1280,1.701942,2025-09-05 13:51:00+00:00
1757080380000,1.705,1.71,1.705,4,1.705,2660,1.709323,2025-09-05 13:53:00+00:00
1757080440000,1.7001,1.7099,1.7001,4,1.7099,5304,1.709442,2025-09-05 13:54:00+00:00
1757080620000,1.7075,1.7075,1.7,4,1.7,3267,1.700469,2025-09-05 13:57:00+00:00
1757080680000,1.705,1.705,1.705,6,1.705,225,1.705,2025-09-05 13:58:00+00:00
1757080800000,1.7001,1.7001,1.7001,2,1.7001,502,1.7001,2025-09-05 14:00:00+00:00
1757080920000,1.7031,1.7031,1.7031,3,1.7031,340,1.7031,2025-09-05 14:02:00+00:00
1757081100000,1.7001,1.7001,1.7001,2,1.7001,134,1.7001,2025-09-05 14:05:00+00:00
1757081160000,1.7,1.705,1.7,26,1.7,17012,1.70012,2025-09-05 14:06:00+00:00
1757081340000,1.68,1.69,1.68,6,1.68,1307,1.681266,2025-09-05 14:09:00+00:00
1757081400000,1.68,1.68,1.68,2,1.68,1100,1.68,2025-09-05 14:10:00+00:00
1757081460000,1.68,1.6808,1.67,14,1.67,3172,1.672624,2025-09-05 14:11:00+00:00
1757081520000,1.6811,1.685,1.68,7,1.68,1391,1.680858,2025-09-05 14:12:00+00:00
1757081580000,1.6899,1.6899,1.6899,1,1.6899,100,1.6899,2025-09-05 14:13:00+00:00
1757081700000,1.68,1.68,1.68,2,1.68,111,1.68,2025-09-05 14:15:00+00:00
1757081760000,1.67,1.68,1.67,10,1.68,5600,1.672373,2025-09-05 14:16:00+00:00
1757081880000,1.67,1.6724,1.67,4,1.6724,424,1.670712,2025-09-05 14:18:00+00:00
1757082000000,1.67,1.67,1.67,7,1.67,461,1.67,2025-09-05 14:20:00+00:00
1757082060000,1.65,1.65,1.65,2,1.65,408,1.65,2025-09-05 14:21:00+00:00
1757082120000,1.655,1.6599,1.655,2,1.6599,3300,1.655148,2025-09-05 14:22:00+00:00
1757082180000,1.6619,1.67,1.655,97,1.655,8859,1.660291,2025-09-05 14:23:00+00:00
1757082240000,1.66,1.6602,1.66,6,1.6602,446,1.660065,2025-09-05 14:24:00+00:00
1757082480000,1.675,1.675,1.66,3,1.66,1613,1.663806,2025-09-05 14:28:00+00:00
1757082540000,1.68,1.68,1.68,9,1.68,835,1.68,2025-09-05 14:29:00+00:00
1757082900000,1.66,1.67,1.66,11,1.67,2447,1.66875,2025-09-05 14:35:00+00:00
1757082960000,1.65,1.655,1.65,5,1.655,711,1.650718,2025-09-05 14:36:00+00:00
1757083080000,1.655,1.655,1.655,7,1.655,1363,1.655,2025-09-05 14:38:00+00:00
1757083260000,1.651,1.655,1.651,6,1.655,608,1.653527,2025-09-05 14:41:00+00:00
1757083380000,1.6501,1.6501,1.65,6,1.65,589,1.650059,2025-09-05 14:43:00+00:00
1757083500000,1.65,1.65,1.65,59,1.65,1501,1.65,2025-09-05 14:45:00+00:00
1757083800000,1.625,1.63,1.625,4,1.63,306,1.628333,2025-09-05 14:50:00+00:00
1757083860000,1.62,1.62,1.62,8,1.62,903,1.62,2025-09-05 14:51:00+00:00
1757083980000,1.63,1.63,1.62,18,1.63,982,1.6275,2025-09-05 14:53:00+00:00
1757084040000,1.614,1.614,1.614,3,1.614,1133,1.614,2025-09-05 14:54:00+00:00
1757084100000,1.63,1.63,1.63,1,1.63,120,1.63,2025-09-05 14:55:00+00:00
1757084220000,1.62,1.64,1.61,50,1.625,2556,1.626236,2025-09-05 14:57:00+00:00
1757084280000,1.62,1.62,1.62,77,1.62,2773,1.62,2025-09-05 14:58:00+00:00
1757084340000,1.6146,1.615,1.6146,2,1.615,821,1.614697,2025-09-05 14:59:00+00:00
1757084400000,1.62,1.62,1.615,3,1.615,656,1.616538,2025-09-05 15:00:00+00:00
1757084460000,1.62,1.62,1.62,57,1.62,2522,1.62,2025-09-05 15:01:00+00:00
1757084520000,1.62,1.62,1.62,4,1.62,493,1.62,2025-09-05 15:02:00+00:00
1757084580000,1.64,1.65,1.63,32,1.63,9559,1.632022,2025-09-05 15:03:00+00:00
1757084940000,1.62,1.62,1.62,1,1.62,1000,1.62,2025-09-05 15:09:00+00:00
1757085060000,1.66,1.66,1.6234,3,1.6234,550,1.63804,2025-09-05 15:11:00+00:00
1757085240000,1.66,1.67,1.64,26,1.64,8466,1.648064,2025-09-05 15:14:00+00:00
1757085480000,1.67,1.68,1.66,108,1.67,4289,1.668663,2025-09-05 15:18:00+00:00
1757085540000,1.68,1.68,1.67,62,1.68,2735,1.678636,2025-09-05 15:19:00+00:00
1757085600000,1.68,1.68,1.68,35,1.68,1406,1.68,2025-09-05 15:20:00+00:00
1757085660000,1.65,1.67,1.65,11,1.67,1147,1.666374,2025-09-05 15:21:00+00:00
1757085840000,1.645,1.645,1.645,2,1.645,181,1.645,2025-09-05 15:24:00+00:00
1757086080000,1.67,1.67,1.64,9,1.64,1052,1.649474,2025-09-05 15:28:00+00:00
1757086200000,1.67,1.67,1.66,10,1.66,705,1.668182,2025-09-05 15:30:00+00:00
1757086380000,1.66,1.67,1.66,33,1.67,673,1.665,2025-09-05 15:33:00+00:00
1757086620000,1.645,1.66,1.645,21,1.65,1174,1.651667,2025-09-05 15:37:00+00:00
1757086680000,1.6562,1.6562,1.6562,1,1.6562,1639,1.6562,2025-09-05 15:38:00+00:00
1757086740000,1.6429,1.6429,1.6429,3,1.6429,204,1.6429,2025-09-05 15:39:00+00:00
1757086800000,1.645,1.645,1.645,1,1.645,100,1.645,2025-09-05 15:40:00+00:00
1757086920000,1.66,1.66,1.66,17,1.66,1155,1.66,2025-09-05 15:42:00+00:00
1757086980000,1.67,1.67,1.65,76,1.67,3195,1.666667,2025-09-05 15:43:00+00:00
1757087640000,1.645,1.645,1.645,2,1.645,5100,1.645,2025-09-05 15:54:00+00:00
1757087880000,1.645,1.645,1.645,3,1.645,250,1.645,2025-09-05 15:58:00+00:00
1757087940000,1.66,1.66,1.65,9,1.66,506,1.655,2025-09-05 15:59:00+00:00
1757088060000,1.65,1.65,1.64,22,1.65,850,1.646472,2025-09-05 16:01:00+00:00
1757088240000,1.65,1.65,1.64,15,1.64,1091,1.647426,2025-09-05 16:04:00+00:00
1757088300000,1.65,1.66,1.65,16,1.65,2183,1.6545,2025-09-05 16:05:00+00:00
1757088360000,1.65,1.66,1.65,51,1.66,4387,1.657277,2025-09-05 16:06:00+00:00
1757088480000,1.655,1.655,1.6502,2,1.6502,470,1.651221,2025-09-05 16:08:00+00:00
1757088540000,1.66,1.66,1.66,9,1.66,732,1.66,2025-09-05 16:09:00+00:00
1757088600000,1.68,1.69,1.66,50,1.66,2648,1.675349,2025-09-05 16:10:00+00:00
1757088780000,1.69,1.69,1.69,14,1.69,532,1.69,2025-09-05 16:13:00+00:00
1757088840000,1.69,1.69,1.69,1,1.69,100,1.69,2025-09-05 16:14:00+00:00
1757089260000,1.675,1.675,1.6701,3,1.6701,2101,1.670333,2025-09-05 16:21:00+00:00
1757089680000,1.68,1.68,1.68,7,1.68,732,1.68,2025-09-05 16:28:00+00:00
1757089740000,1.6805,1.6805,1.6805,4,1.6805,691,1.6805,2025-09-05 16:29:00+00:00
1757090280000,1.67,1.67,1.67,4,1.67,571,1.67,2025-09-05 16:38:00+00:00
1757090340000,1.67,1.67,1.67,1,1.67,100,1.67,2025-09-05 16:39:00+00:00
1757090580000,1.67,1.6738,1.67,12,1.6738,1569,1.671944,2025-09-05 16:43:00+00:00
1757090640000,1.68,1.68,1.67,263,1.67,6734,1.675714,2025-09-05 16:44:00+00:00
1757090700000,1.675,1.675,1.675,173,1.675,1885,1.675,2025-09-05 16:45:00+00:00
1757090760000,1.675,1.675,1.675,6,1.675,469,1.675,2025-09-05 16:46:00+00:00
1757090820000,1.675,1.675,1.66,4,1.67,800,1.663125,2025-09-05 16:47:00+00:00
1757090940000,1.675,1.675,1.675,3,1.675,759,1.675,2025-09-05 16:49:00+00:00
1757091000000,1.68,1.68,1.68,4,1.68,303,1.68,2025-09-05 16:50:00+00:00
1757091180000,1.69,1.69,1.69,10,1.69,692,1.69,2025-09-05 16:53:00+00:00
1757091240000,1.69,1.7,1.68,181,1.69,9429,1.689432,2025-09-05 16:54:00+00:00
1757091300000,1.69,1.69,1.69,2,1.69,150,1.69,2025-09-05 16:55:00+00:00
1757091420000,1.6875,1.6875,1.6834,2,1.6834,3100,1.683532,2025-09-05 16:57:00+00:00
1757091480000,1.71,1.72,1.685,89,1.685,17347,1.709459,2025-09-05 16:58:00+00:00
1757091540000,1.69,1.69,1.69,5,1.69,356,1.69,2025-09-05 16:59:00+00:00
1757091840000,1.67,1.67,1.66,27,1.66,1041,1.6675,2025-09-05 17:04:00+00:00
1757092200000,1.69,1.695,1.69,7,1.695,544,1.693333,2025-09-05 17:10:00+00:00
1757092260000,1.7,1.73,1.6748,87,1.69,6092,1.704495,2025-09-05 17:11:00+00:00
1757092440000,1.7,1.72,1.68,198,1.7,10414,1.700707,2025-09-05 17:14:00+00:00
1757092500000,1.72,1.72,1.72,15,1.72,264,1.72,2025-09-05 17:15:00+00:00
1757092680000,1.7,1.701,1.7,7,1.701,985,1.700444,2025-09-05 17:18:00+00:00
1757093160000,1.72,1.72,1.7,63,1.7,1205,1.71,2025-09-05 17:26:00+00:00
1757093340000,1.729,1.73,1.7289,5,1.73,2900,1.729142,2025-09-05 17:29:00+00:00
1757093400000,1.77,1.81,1.719,292,1.719,29565,1.768494,2025-09-05 17:30:00+00:00
1757093520000,1.7894,1.7894,1.77,12,1.77,866,1.784361,2025-09-05 17:32:00+00:00
1757093580000,1.755,1.77,1.755,26,1.77,906,1.767059,2025-09-05 17:33:00+00:00
1757093880000,1.755,1.755,1.755,1,1.755,200,1.755,2025-09-05 17:38:00+00:00
1757094060000,1.73,1.74,1.73,3,1.74,302,1.733333,2025-09-05 17:41:00+00:00
1757094120000,1.74,1.74,1.74,9,1.74,651,1.74,2025-09-05 17:42:00+00:00
1757094240000,1.75,1.75,1.732,26,1.732,951,1.745678,2025-09-05 17:44:00+00:00
1757094420000,1.765,1.765,1.76,4,1.76,600,1.760973,2025-09-05 17:47:00+00:00
1757094600000,1.77,1.77,1.77,7,1.77,2450,1.77,2025-09-05 17:50:00+00:00
1757094660000,1.76,1.76,1.76,153,1.76,7551,1.76,2025-09-05 17:51:00+00:00
1757094780000,1.7603,1.77,1.76,61,1.76,4152,1.762654,2025-09-05 17:53:00+00:00
1757094900000,1.76,1.77,1.75,16,1.77,819,1.759682,2025-09-05 17:55:00+00:00
1757094960000,1.79,1.79,1.76,90,1.77,12103,1.776524,2025-09-05 17:56:00+00:00
1757095020000,1.78,1.78,1.78,7,1.78,412,1.78,2025-09-05 17:57:00+00:00
1757095080000,1.78,1.78,1.7799,12,1.78,1352,1.779967,2025-09-05 17:58:00+00:00
1757095140000,1.82,1.82,1.7998,20,1.7998,7665,1.801191,2025-09-05 17:59:00+00:00
1757095200000,1.83,1.84,1.82,80,1.839,7160,1.834853,2025-09-05 18:00:00+00:00
1757095260000,1.76,1.82,1.7507,14,1.82,3682,1.764715,2025-09-05 18:01:00+00:00
1757095440000,1.8,1.8,1.8,8,1.8,639,1.8,2025-09-05 18:04:00+00:00
1757095500000,1.815,1.815,1.815,1,1.815,280,1.815,2025-09-05 18:05:00+00:00
1757095560000,1.831,1.87,1.83,36,1.83,2672,1.841643,2025-09-05 18:06:00+00:00
1757095620000,1.83,1.85,1.83,5,1.84,974,1.84,2025-09-05 18:07:00+00:00
1757095800000,1.815,1.815,1.815,3,1.815,102,1.815,2025-09-05 18:10:00+00:00
1757095860000,1.7606,1.82,1.7606,6,1.82,918,1.779955,2025-09-05 18:11:00+00:00
1757096040000,1.79,1.79,1.79,2,1.79,154,1.79,2025-09-05 18:14:00+00:00
1757096760000,1.8,1.85,1.8,51,1.81,9875,1.827202,2025-09-05 18:26:00+00:00
1757097000000,1.7968,1.7968,1.7968,2,1.7968,121,1.7968,2025-09-05 18:30:00+00:00
1757097180000,1.82,1.82,1.82,3,1.82,110,1.82,2025-09-05 18:33:00+00:00
1757097240000,1.82,1.82,1.82,1,1.82,215,1.82,2025-09-05 18:34:00+00:00
1757097300000,1.8075,1.8075,1.8075,7,1.8075,329,1.8075,2025-09-05 18:35:00+00:00
1757097540000,1.82,1.82,1.8199,7,1.82,1804,1.819989,2025-09-05 18:39:00+00:00
1757097660000,1.83,1.83,1.815,4,1.83,2200,1.823182,2025-09-05 18:41:00+00:00
1757097720000,1.815,1.815,1.815,3,1.815,116,1.815,2025-09-05 18:42:00+00:00
1757097840000,1.815,1.815,1.815,1,1.815,100,1.815,2025-09-05 18:44:00+00:00
1757098020000,1.828,1.828,1.828,1,1.828,100,1.828,2025-09-05 18:47:00+00:00
1757098140000,1.8,1.82,1.8,14,1.82,11261,1.809902,2025-09-05 18:49:00+00:00
1757098200000,1.795,1.795,1.795,4,1.795,301,1.795,2025-09-05 18:50:00+00:00
1757098380000,1.795,1.795,1.795,2,1.795,222,1.795,2025-09-05 18:53:00+00:00
1757098440000,1.82,1.86,1.795,115,1.795,6493,1.841746,2025-09-05 18:54:00+00:00
1757098860000,1.81,1.81,1.8,35,1.8,1004,1.808109,2025-09-05 19:01:00+00:00
1757098920000,1.81,1.81,1.81,15,1.81,777,1.81,2025-09-05 19:02:00+00:00
1757098980000,1.8,1.8,1.8,5,1.8,412,1.8,2025-09-05 19:03:00+00:00
1757099340000,1.795,1.795,1.795,1,1.795,497,1.795,2025-09-05 19:09:00+00:00
1757099460000,1.795,1.795,1.78,16,1.78,2592,1.781458,2025-09-05 19:11:00+00:00
1757099520000,1.79,1.795,1.79,37,1.795,1014,1.791667,2025-09-05 19:12:00+00:00
1757099760000,1.805,1.805,1.78,21,1.78,2723,1.792936,2025-09-05 19:16:00+00:00
1757099820000,1.805,1.805,1.8,5,1.8,9231,1.800092,2025-09-05 19:17:00+00:00
1757099880000,1.805,1.805,1.805,4,1.805,232,1.805,2025-09-05 19:18:00+00:00
1757099940000,1.82,1.82,1.8075,39,1.81,2653,1.815423,2025-09-05 19:19:00+00:00
1757100180000,1.7701,1.7952,1.7701,3,1.7952,327,1.779513,2025-09-05 19:23:00+00:00
1757100360000,1.81,1.81,1.81,10,1.81,705,1.81,2025-09-05 19:26:00+00:00
1757100900000,1.815,1.815,1.815,2,1.815,450,1.815,2025-09-05 19:35:00+00:00
1757100960000,1.81,1.82,1.81,21,1.82,1493,1.817,2025-09-05 19:36:00+00:00
1757101380000,1.81,1.81,1.81,6,1.81,583,1.81,2025-09-05 19:43:00+00:00
1757101500000,1.82,1.82,1.82,2,1.82,164,1.82,2025-09-05 19:45:00+00:00
1757101560000,1.81,1.81,1.81,2,1.81,212,1.81,2025-09-05 19:46:00+00:00
1757101680000,1.8,1.81,1.8,4,1.81,599,1.806944,2025-09-05 19:48:00+00:00
1757101800000,1.805,1.81,1.805,2,1.81,200,1.8075,2025-09-05 19:50:00+00:00
1757101920000,1.79,1.8004,1.79,24,1.8004,1932,1.794428,2025-09-05 19:52:00+00:00
1757102220000,1.79,1.79,1.79,11,1.79,650,1.79,2025-09-05 19:57:00+00:00
1757102340000,1.7801,1.7801,1.7801,6,1.7801,1169,1.7801,2025-09-05 19:59:00+00:00
1757102400000,1.78,1.78,1.78,1,1.78,2262,1.78,2025-09-05 20:00:00+00:00
1757338200000,1.71,1.78,1.71,16,1.78,2690,1.775737,2025-09-08 13:30:00+00:00
1757338260000,1.75,1.828,1.75,2,1.828,7225,1.752429,2025-09-08 13:31:00+00:00
1757338320000,1.81,1.81,1.81,2,1.81,420,1.81,2025-09-08 13:32:00+00:00
1757338380000,1.78,1.78,1.78,3,1.78,1985,1.78,2025-09-08 13:33:00+00:00
1757338560000,1.75,1.76,1.75,41,1.76,3958,1.753907,2025-09-08 13:36:00+00:00
1757338620000,1.73,1.73,1.73,3,1.73,228,1.73,2025-09-08 13:37:00+00:00
1757338680000,1.75,1.75,1.75,11,1.75,1230,1.75,2025-09-08 13:38:00+00:00
1757338800000,1.743,1.7439,1.71,15,1.71,4301,1.724375,2025-09-08 13:40:00+00:00
1757338920000,1.72,1.72,1.72,1,1.72,1000,1.72,2025-09-08 13:42:00+00:00
1757339040000,1.75,1.75,1.722,7,1.75,5810,1.724345,2025-09-08 13:44:00+00:00
1757339160000,1.73,1.73,1.73,6,1.73,1102,1.73,2025-09-08 13:46:00+00:00
1757339340000,1.729,1.729,1.729,2,1.729,155,1.729,2025-09-08 13:49:00+00:00
1757339460000,1.72,1.72,1.72,6,1.72,224,1.72,2025-09-08 13:51:00+00:00
1757339580000,1.76,1.76,1.74,38,1.74,1960,1.75,2025-09-08 13:53:00+00:00
1757339640000,1.75,1.75,1.75,3,1.75,194,1.75,2025-09-08 13:54:00+00:00
1757339700000,1.74,1.74,1.74,1,1.74,2250,1.74,2025-09-08 13:55:00+00:00
1757339760000,1.74,1.77,1.72,27,1.7519,6480,1.759686,2025-09-08 13:56:00+00:00
1757339880000,1.745,1.745,1.7345,2,1.7345,290,1.73975,2025-09-08 13:58:00+00:00
1757339940000,1.74,1.74,1.74,2,1.74,200,1.74,2025-09-08 13:59:00+00:00
1757340000000,1.75,1.75,1.73,60,1.75,8551,1.741551,2025-09-08 14:00:00+00:00
1757340060000,1.75,1.75,1.75,1,1.75,591,1.75,2025-09-08 14:01:00+00:00
1757340180000,1.75,1.75,1.75,7,1.75,554,1.75,2025-09-08 14:03:00+00:00
1757340240000,1.73,1.74,1.73,8,1.74,672,1.736667,2025-09-08 14:04:00+00:00
1757340300000,1.73,1.73,1.73,4,1.73,4401,1.73,2025-09-08 14:05:00+00:00
1757340360000,1.745,1.745,1.745,3,1.745,210,1.745,2025-09-08 14:06:00+00:00
1757340420000,1.745,1.745,1.745,3,1.745,200,1.745,2025-09-08 14:07:00+00:00
1757340480000,1.745,1.745,1.745,4,1.745,157,1.745,2025-09-08 14:08:00+00:00
1757340600000,1.735,1.735,1.735,2,1.735,101,1.735,2025-09-08 14:10:00+00:00
1757340660000,1.735,1.735,1.735,2,1.735,200,1.735,2025-09-08 14:11:00+00:00
1757340780000,1.735,1.735,1.735,1,1.735,400,1.735,2025-09-08 14:13:00+00:00
1757340840000,1.75,1.75,1.7302,17,1.735,7922,1.736039,2025-09-08 14:14:00+00:00
1757340900000,1.755,1.755,1.755,8,1.755,704,1.755,2025-09-08 14:15:00+00:00
1757341080000,1.7402,1.7402,1.7402,5,1.7402,653,1.7402,2025-09-08 14:18:00+00:00
1757341200000,1.74,1.74,1.74,3,1.74,281,1.74,2025-09-08 14:20:00+00:00
1757341260000,1.7475,1.755,1.7475,4,1.755,414,1.750662,2025-09-08 14:21:00+00:00
1757341380000,1.7403,1.7403,1.7403,2,1.7403,501,1.7403,2025-09-08 14:23:00+00:00
1757341560000,1.75,1.75,1.73,36,1.75,5803,1.745117,2025-09-08 14:26:00+00:00
1757341860000,1.743,1.743,1.74,4,1.74,638,1.742498,2025-09-08 14:31:00+00:00
1757341920000,1.74,1.74,1.74,2,1.74,137,1.74,2025-09-08 14:32:00+00:00
1757341980000,1.75,1.75,1.7404,4,1.7404,1220,1.742,2025-09-08 14:33:00+00:00
1757342340000,1.765,1.78,1.76,67,1.76,7900,1.769257,2025-09-08 14:39:00+00:00
1757342580000,1.7593,1.7593,1.7593,4,1.7593,877,1.7593,2025-09-08 14:43:00+00:00
1757342640000,1.77,1.77,1.77,12,1.77,858,1.77,2025-09-08 14:44:00+00:00
1757342700000,1.76,1.765,1.76,6,1.76,600,1.761,2025-09-08 14:45:00+00:00
1757343060000,1.78,1.78,1.78,2,1.78,102,1.78,2025-09-08 14:51:00+00:00
1757343120000,1.78,1.78,1.78,15,1.78,715,1.78,2025-09-08 14:52:00+00:00
1757343180000,1.78,1.78,1.775,11,1.775,1466,1.776775,2025-09-08 14:53:00+00:00
1757343240000,1.775,1.7752,1.75,7,1.7752,4100,1.75377,2025-09-08 14:54:00+00:00
1757343840000,1.78,1.8,1.77,186,1.8,11046,1.787502,2025-09-08 15:04:00+00:00
1757344020000,1.775,1.775,1.775,3,1.775,149,1.775,2025-09-08 15:07:00+00:00
1757344740000,1.78,1.78,1.78,8,1.78,499,1.78,2025-09-08 15:19:00+00:00
1757344800000,1.78,1.785,1.78,46,1.7808,2904,1.780651,2025-09-08 15:20:00+00:00
1757344860000,1.78,1.79,1.78,84,1.78,3223,1.782778,2025-09-08 15:21:00+00:00
1757344920000,1.79,1.79,1.78,54,1.78,2492,1.781111,2025-09-08 15:22:00+00:00
1757345220000,1.785,1.785,1.785,4,1.785,253,1.785,2025-09-08 15:27:00+00:00
1757345400000,1.7801,1.7801,1.7801,2,1.7801,400,1.7801,2025-09-08 15:30:00+00:00
1757345520000,1.7854,1.7854,1.7854,4,1.7854,127,1.7854,2025-09-08 15:32:00+00:00
1757345760000,1.78,1.78,1.78,2,1.78,436,1.78,2025-09-08 15:36:00+00:00
1757345880000,1.7839,1.7839,1.7806,6,1.7806,815,1.781136,2025-09-08 15:38:00+00:00
1757345940000,1.785,1.7858,1.785,2,1.7858,225,1.785444,2025-09-08 15:39:00+00:00
1757346240000,1.785,1.785,1.785,1,1.785,100,1.785,2025-09-08 15:44:00+00:00
1757346360000,1.79,1.795,1.79,122,1.79,6652,1.790179,2025-09-08 15:46:00+00:00
1757346540000,1.78,1.79,1.77,288,1.785,8020,1.779323,2025-09-08 15:49:00+00:00
1757346780000,1.76,1.77,1.76,2,1.77,200,1.765,2025-09-08 15:53:00+00:00
1757346900000,1.75,1.775,1.75,43,1.775,10104,1.770321,2025-09-08 15:55:00+00:00
1757347020000,1.7547,1.7547,1.7547,1,1.7547,158,1.7547,2025-09-08 15:57:00+00:00
1757347320000,1.75,1.7528,1.75,8,1.752,1188,1.751775,2025-09-08 16:02:00+00:00
1757347500000,1.76,1.76,1.76,9,1.76,352,1.76,2025-09-08 16:05:00+00:00
1757347620000,1.76,1.77,1.76,8,1.77,516,1.766667,2025-09-08 16:07:00+00:00
1757347740000,1.76,1.76,1.76,4,1.76,113,1.76,2025-09-08 16:09:00+00:00
1757347800000,1.775,1.775,1.775,6,1.775,313,1.775,2025-09-08 16:10:00+00:00
1757347860000,1.77,1.77,1.77,1,1.77,500,1.77,2025-09-08 16:11:00+00:00
1757347920000,1.76,1.76,1.76,5,1.76,728,1.76,2025-09-08 16:12:00+00:00
1757348160000,1.775,1.7899,1.775,3,1.7899,3191,1.789419,2025-09-08 16:16:00+00:00
1757348220000,1.775,1.79,1.775,9,1.79,1416,1.785714,2025-09-08 16:17:00+00:00
1757348340000,1.775,1.7766,1.775,4,1.7766,1200,1.776333,2025-09-08 16:19:00+00:00
1757348700000,1.78,1.78,1.77,8,1.77,1367,1.779167,2025-09-08 16:25:00+00:00
1757348940000,1.78,1.78,1.78,1,1.78,372,1.78,2025-09-08 16:29:00+00:00
1757349000000,1.77,1.77,1.77,1,1.77,106,1.77,2025-09-08 16:30:00+00:00
1757349060000,1.77,1.77,1.77,1,1.77,170,1.77,2025-09-08 16:31:00+00:00
1757349360000,1.785,1.785,1.7701,3,1.7701,4619,1.770745,2025-09-08 16:36:00+00:00
1757349480000,1.785,1.785,1.785,2,1.785,291,1.785,2025-09-08 16:38:00+00:00
1757349600000,1.78,1.78,1.78,3,1.78,202,1.78,2025-09-08 16:40:00+00:00
1757349840000,1.79,1.79,1.79,1,1.79,1000,1.79,2025-09-08 16:44:00+00:00
1757349900000,1.78,1.79,1.78,14,1.79,1162,1.787531,2025-09-08 16:45:00+00:00
1757350080000,1.78,1.78,1.78,1,1.78,222,1.78,2025-09-08 16:48:00+00:00
1757350380000,1.79,1.79,1.78,4,1.78,336,1.783333,2025-09-08 16:53:00+00:00
1757350620000,1.7899,1.7899,1.7899,2,1.7899,151,1.7899,2025-09-08 16:57:00+00:00
1757350800000,1.78,1.78,1.78,9,1.78,698,1.78,2025-09-08 17:00:00+00:00
1757351100000,1.785,1.785,1.78,10,1.78,2572,1.780219,2025-09-08 17:05:00+00:00
1757351400000,1.78,1.78,1.78,4,1.78,1610,1.78,2025-09-08 17:10:00+00:00
1757351460000,1.785,1.785,1.78,9,1.7801,5611,1.780265,2025-09-08 17:11:00+00:00
1757351520000,1.78,1.78,1.78,19,1.78,1183,1.78,2025-09-08 17:12:00+00:00
1757351580000,1.775,1.78,1.775,14,1.78,798,1.77688,2025-09-08 17:13:00+00:00
1757351820000,1.77,1.77,1.75,30,1.77,1720,1.764946,2025-09-08 17:17:00+00:00
1757352120000,1.765,1.765,1.765,1,1.765,100,1.765,2025-09-08 17:22:00+00:00
1757352180000,1.76,1.76,1.76,10,1.76,655,1.76,2025-09-08 17:23:00+00:00
1757352240000,1.755,1.775,1.725,363,1.765,17505,1.745899,2025-09-08 17:24:00+00:00
1757352360000,1.7306,1.7306,1.7306,1,1.7306,570,1.7306,2025-09-08 17:26:00+00:00
1757352420000,1.76,1.76,1.76,1,1.76,291,1.76,2025-09-08 17:27:00+00:00
1757352960000,1.77,1.77,1.745,38,1.745,2629,1.759799,2025-09-08 17:36:00+00:00
1757353020000,1.73,1.73,1.73,2,1.73,105,1.73,2025-09-08 17:37:00+00:00
1757353800000,1.76,1.76,1.74,4,1.74,3152,1.740645,2025-09-08 17:50:00+00:00
1757354160000,1.75,1.75,1.75,11,1.75,315,1.75,2025-09-08 17:56:00+00:00
1757354460000,1.76,1.76,1.7596,2,1.7596,962,1.759642,2025-09-08 18:01:00+00:00
1757354640000,1.7597,1.7597,1.7597,1,1.7597,250,1.7597,2025-09-08 18:04:00+00:00
1757354880000,1.75,1.75,1.75,27,1.75,1886,1.75,2025-09-08 18:08:00+00:00
1757355000000,1.755,1.755,1.755,5,1.755,500,1.755,2025-09-08 18:10:00+00:00
1757355120000,1.75,1.75,1.75,7,1.75,1330,1.75,2025-09-08 18:12:00+00:00
1757355180000,1.75,1.75,1.75,9,1.75,1028,1.75,2025-09-08 18:13:00+00:00
1757355420000,1.75,1.75,1.75,2,1.75,360,1.75,2025-09-08 18:17:00+00:00
1757355480000,1.75,1.751,1.74,13,1.75,2301,1.745694,2025-09-08 18:18:00+00:00
1757355540000,1.74,1.74,1.74,19,1.74,1455,1.74,2025-09-08 18:19:00+00:00
1757355600000,1.735,1.735,1.735,2,1.735,120,1.735,2025-09-08 18:20:00+00:00
1757355660000,1.735,1.74,1.735,7,1.735,743,1.737647,2025-09-08 18:21:00+00:00
1757355780000,1.74,1.74,1.73,20,1.735,4144,1.731006,2025-09-08 18:23:00+00:00
1757356020000,1.73,1.73,1.73,1,1.73,100,1.73,2025-09-08 18:27:00+00:00
1757356200000,1.74,1.74,1.74,4,1.74,232,1.74,2025-09-08 18:30:00+00:00
1757356260000,1.73,1.73,1.73,1,1.73,1500,1.73,2025-09-08 18:31:00+00:00
1757356320000,1.7203,1.7203,1.7203,1,1.7203,194,1.7203,2025-09-08 18:32:00+00:00
1757356560000,1.72,1.72,1.72,2,1.72,101,1.72,2025-09-08 18:36:00+00:00
1757356680000,1.75,1.75,1.75,1,1.75,400,1.75,2025-09-08 18:38:00+00:00
1757356740000,1.73,1.73,1.73,1,1.73,100,1.73,2025-09-08 18:39:00+00:00
1757356800000,1.73,1.735,1.73,7,1.73,533,1.73122,2025-09-08 18:40:00+00:00
1757356860000,1.75,1.75,1.75,1,1.75,200,1.75,2025-09-08 18:41:00+00:00
1757356980000,1.71,1.72,1.69,69,1.72,7911,1.708479,2025-09-08 18:43:00+00:00
1757357040000,1.68,1.68,1.68,1,1.68,565,1.68,2025-09-08 18:44:00+00:00
1757357220000,1.68,1.7,1.66,119,1.695,7853,1.675875,2025-09-08 18:47:00+00:00
1757357280000,1.715,1.715,1.69,11,1.69,769,1.699,2025-09-08 18:48:00+00:00
1757357580000,1.7,1.7,1.7,1,1.7,800,1.7,2025-09-08 18:53:00+00:00
1757357700000,1.725,1.725,1.725,1,1.725,100,1.725,2025-09-08 18:55:00+00:00
1757357880000,1.71,1.71,1.71,9,1.71,1266,1.71,2025-09-08 18:58:00+00:00
1757358120000,1.7,1.72,1.7,16,1.7,2275,1.700979,2025-09-08 19:02:00+00:00
1757358420000,1.71,1.71,1.71,26,1.71,937,1.71,2025-09-08 19:07:00+00:00
1757358480000,1.71,1.72,1.71,25,1.715,2364,1.714769,2025-09-08 19:08:00+00:00
1757358600000,1.73,1.73,1.73,1,1.73,500,1.73,2025-09-08 19:10:00+00:00
1757359140000,1.7,1.71,1.7,13,1.71,476,1.702278,2025-09-08 19:19:00+00:00
1757359200000,1.705,1.71,1.705,7,1.71,1110,1.709461,2025-09-08 19:20:00+00:00
1757359500000,1.72,1.72,1.71,41,1.71,1633,1.716667,2025-09-08 19:25:00+00:00
1757360040000,1.725,1.725,1.72,2,1.72,1600,1.720313,2025-09-08 19:34:00+00:00
1757360460000,1.73,1.73,1.73,1,1.73,500,1.73,2025-09-08 19:41:00+00:00
1757360640000,1.72,1.72,1.71,5,1.71,436,1.712439,2025-09-08 19:44:00+00:00
1757360700000,1.73,1.73,1.73,8,1.73,319,1.73,2025-09-08 19:45:00+00:00
1757360760000,1.72,1.72,1.72,2,1.72,200,1.72,2025-09-08 19:46:00+00:00
1757360940000,1.72,1.72,1.72,4,1.72,303,1.72,2025-09-08 19:49:00+00:00
1757361060000,1.71,1.71,1.71,3,1.71,217,1.71,2025-09-08 19:51:00+00:00
1757361120000,1.715,1.7195,1.715,4,1.7195,1124,1.719091,2025-09-08 19:52:00+00:00
1757361180000,1.73,1.73,1.715,9,1.715,1794,1.721036,2025-09-08 19:53:00+00:00
1757361480000,1.71,1.725,1.705,5,1.705,753,1.710333,2025-09-08 19:58:00+00:00
1757361540000,1.725,1.725,1.725,5,1.725,119,1.725,2025-09-08 19:59:00+00:00
1757361600000,1.74,1.74,1.74,1,1.74,1330,1.74,2025-09-08 20:00:00+00:00
1757424600000,1.65,1.65,1.65,10,1.65,1745,1.65,2025-09-09 13:30:00+00:00
1757424720000,1.695,1.738,1.65,18,1.65,3464,1.68611,2025-09-09 13:32:00+00:00
1757425020000,1.73,1.73,1.73,8,1.73,700,1.73,2025-09-09 13:37:00+00:00
1757425080000,1.68,1.69,1.68,3,1.69,1400,1.685714,2025-09-09 13:38:00+00:00
1757425140000,1.65,1.67,1.65,29,1.6611,4193,1.65867,2025-09-09 13:39:00+00:00
1757425200000,1.64,1.6423,1.64,9,1.6423,2993,1.640571,2025-09-09 13:40:00+00:00
1757425260000,1.6201,1.6201,1.6201,3,1.6201,583,1.6201,2025-09-09 13:41:00+00:00
1757425440000,1.62,1.64,1.62,7,1.64,615,1.634876,2025-09-09 13:44:00+00:00
1757425500000,1.622,1.655,1.62,11,1.6533,2210,1.628905,2025-09-09 13:45:00+00:00
1757425560000,1.62,1.62,1.62,2,1.62,452,1.62,2025-09-09 13:46:00+00:00
1757425620000,1.63,1.6305,1.62,48,1.62,2358,1.629263,2025-09-09 13:47:00+00:00
1757425680000,1.63,1.63,1.63,2,1.63,410,1.63,2025-09-09 13:48:00+00:00
1757425740000,1.6499,1.6499,1.62,13,1.63,4879,1.630984,2025-09-09 13:49:00+00:00
1757426160000,1.63,1.64,1.63,9,1.635,3205,1.634531,2025-09-09 13:56:00+00:00
1757426220000,1.6206,1.6206,1.62,16,1.62,1580,1.620121,2025-09-09 13:57:00+00:00
1757426280000,1.64,1.64,1.625,10,1.625,900,1.631875,2025-09-09 13:58:00+00:00
1757426460000,1.64,1.64,1.64,2,1.64,1163,1.64,2025-09-09 14:01:00+00:00
1757426520000,1.66,1.66,1.66,3,1.66,102,1.66,2025-09-09 14:02:00+00:00
1757426700000,1.64,1.65,1.64,138,1.65,3218,1.648676,2025-09-09 14:05:00+00:00
1757426760000,1.66,1.66,1.66,16,1.66,284,1.66,2025-09-09 14:06:00+00:00
1757426880000,1.66,1.66,1.64,36,1.64,3922,1.643319,2025-09-09 14:08:00+00:00
1757427240000,1.6607,1.6607,1.6607,2,1.6607,340,1.6607,2025-09-09 14:14:00+00:00
1757427420000,1.64,1.64,1.64,1,1.64,100,1.64,2025-09-09 14:17:00+00:00
1757427540000,1.68,1.68,1.68,2,1.68,6499,1.68,2025-09-09 14:19:00+00:00
1757427600000,1.66,1.66,1.66,4,1.66,267,1.66,2025-09-09 14:20:00+00:00
1757427780000,1.64,1.655,1.62,187,1.6402,16361,1.636698,2025-09-09 14:23:00+00:00
1757427960000,1.635,1.66,1.635,33,1.66,4257,1.648504,2025-09-09 14:26:00+00:00
1757428140000,1.6687,1.6687,1.65,13,1.65,924,1.65248,2025-09-09 14:29:00+00:00
1757428260000,1.65,1.66,1.65,15,1.66,989,1.658915,2025-09-09 14:31:00+00:00
1757428320000,1.6565,1.6565,1.6565,2,1.6565,672,1.6565,2025-09-09 14:32:00+00:00
1757428500000,1.64,1.66,1.64,21,1.65,3983,1.65202,2025-09-09 14:35:00+00:00
1757428620000,1.63,1.63,1.63,1,1.63,100,1.63,2025-09-09 14:37:00+00:00
1757428860000,1.64,1.64,1.64,2,1.64,101,1.64,2025-09-09 14:41:00+00:00
1757428980000,1.6445,1.6445,1.6445,1,1.6445,100,1.6445,2025-09-09 14:43:00+00:00
1757429100000,1.6301,1.6301,1.6301,2,1.6301,566,1.6301,2025-09-09 14:45:00+00:00
1757429220000,1.63,1.63,1.63,2,1.63,101,1.63,2025-09-09 14:47:00+00:00
1757429280000,1.66,1.66,1.66,4,1.66,360,1.66,2025-09-09 14:48:00+00:00
1757429340000,1.6557,1.6557,1.6557,1,1.6557,684,1.6557,2025-09-09 14:49:00+00:00
1757429460000,1.64,1.65,1.64,2,1.65,1775,1.646197,2025-09-09 14:51:00+00:00
1757429520000,1.63,1.64,1.63,16,1.64,2031,1.637009,2025-09-09 14:52:00+00:00
1757429580000,1.63,1.63,1.63,8,1.63,4310,1.63,2025-09-09 14:53:00+00:00
1757429820000,1.61,1.62,1.61,61,1.62,5895,1.61268,2025-09-09 14:57:00+00:00
1757429880000,1.6065,1.6065,1.6065,6,1.6065,545,1.6065,2025-09-09 14:58:00+00:00
1757430120000,1.6,1.615,1.6,123,1.6,11363,1.603653,2025-09-09 15:02:00+00:00
1757430240000,1.57,1.595,1.56,183,1.59,40184,1.563572,2025-09-09 15:04:00+00:00
1757430300000,1.58,1.58,1.58,5,1.58,184,1.58,2025-09-09 15:05:00+00:00
1757430540000,1.59,1.59,1.59,25,1.59,1431,1.59,2025-09-09 15:09:00+00:00
1757430600000,1.585,1.585,1.585,4,1.585,756,1.585,2025-09-09 15:10:00+00:00
1757430660000,1.585,1.59,1.585,7,1.585,1469,1.586784,2025-09-09 15:11:00+00:00
1757430780000,1.5801,1.5801,1.5801,3,1.5801,355,1.5801,2025-09-09 15:13:00+00:00
1757430960000,1.57,1.58,1.56,27,1.58,10653,1.563246,2025-09-09 15:16:00+00:00
1757431560000,1.56,1.5611,1.56,4,1.5611,359,1.560599,2025-09-09 15:26:00+00:00
1757431920000,1.54,1.56,1.54,36,1.56,6178,1.551279,2025-09-09 15:32:00+00:00
1757431980000,1.535,1.56,1.535,14,1.56,3532,1.540813,2025-09-09 15:33:00+00:00
1757432040000,1.53,1.531,1.52,64,1.53,16945,1.522632,2025-09-09 15:34:00+00:00
1757432100000,1.5385,1.5385,1.5385,2,1.5385,550,1.5385,2025-09-09 15:35:00+00:00
1757432160000,1.56,1.56,1.53,19,1.53,2055,1.535979,2025-09-09 15:36:00+00:00
1757432220000,1.56,1.56,1.56,2,1.56,530,1.56,2025-09-09 15:37:00+00:00
1757432460000,1.565,1.58,1.565,4,1.58,4003,1.57925,2025-09-09 15:41:00+00:00
1757432520000,1.565,1.565,1.565,3,1.565,925,1.565,2025-09-09 15:42:00+00:00
1757432580000,1.565,1.565,1.565,5,1.565,229,1.565,2025-09-09 15:43:00+00:00
1757432700000,1.57,1.57,1.57,11,1.57,1002,1.57,2025-09-09 15:45:00+00:00
1757432760000,1.57,1.57,1.57,8,1.57,1163,1.57,2025-09-09 15:46:00+00:00
1757433120000,1.56,1.575,1.56,10,1.57,1801,1.568411,2025-09-09 15:52:00+00:00
1757433540000,1.5785,1.5785,1.5785,9,1.5785,300,1.5785,2025-09-09 15:59:00+00:00
1757433600000,1.58,1.58,1.58,14,1.58,595,1.58,2025-09-09 16:00:00+00:00
1757433960000,1.5897,1.5897,1.5897,1,1.5897,675,1.5897,2025-09-09 16:06:00+00:00
1757434080000,1.6,1.6,1.58,35,1.58,6808,1.592745,2025-09-09 16:08:00+00:00
1757434200000,1.61,1.61,1.6,19,1.6,15489,1.609641,2025-09-09 16:10:00+00:00
1757434320000,1.605,1.605,1.6,2,1.6,900,1.602222,2025-09-09 16:12:00+00:00
1757434380000,1.61,1.61,1.6,63,1.61,8201,1.608078,2025-09-09 16:13:00+00:00
1757434500000,1.61,1.615,1.61,29,1.61,2725,1.611454,2025-09-09 16:15:00+00:00
1757434800000,1.6,1.6186,1.6,8,1.6186,792,1.613286,2025-09-09 16:20:00+00:00
1757434980000,1.6,1.6,1.6,3,1.6,932,1.6,2025-09-09 16:23:00+00:00
1757435160000,1.605,1.605,1.605,1,1.605,400,1.605,2025-09-09 16:26:00+00:00
1757435640000,1.6,1.6,1.6,13,1.6,1741,1.6,2025-09-09 16:34:00+00:00
1757435700000,1.595,1.595,1.595,2,1.595,146,1.595,2025-09-09 16:35:00+00:00
1757436360000,1.59,1.59,1.58,35,1.59,2568,1.589542,2025-09-09 16:46:00+00:00
1757437080000,1.6,1.6,1.58,10,1.58,486,1.590909,2025-09-09 16:58:00+00:00
1757437140000,1.635,1.635,1.58,107,1.58,49265,1.599868,2025-09-09 16:59:00+00:00
1757437260000,1.621,1.621,1.621,4,1.621,203,1.621,2025-09-09 17:01:00+00:00
1757437560000,1.63,1.63,1.63,3,1.63,308,1.63,2025-09-09 17:06:00+00:00
1757437980000,1.63,1.63,1.625,10,1.63,884,1.629419,2025-09-09 17:13:00+00:00
1757438160000,1.62,1.62,1.62,1,1.62,340,1.62,2025-09-09 17:16:00+00:00
1757438340000,1.63,1.63,1.63,1,1.63,100,1.63,2025-09-09 17:19:00+00:00
1757438580000,1.6425,1.6425,1.6425,1,1.6425,100,1.6425,2025-09-09 17:23:00+00:00
1757438820000,1.62,1.63,1.62,138,1.63,1980,1.6275,2025-09-09 17:27:00+00:00
1757439180000,1.63,1.63,1.63,2,1.63,250,1.63,2025-09-09 17:33:00+00:00
1757439720000,1.62,1.63,1.62,19,1.62,3206,1.620447,2025-09-09 17:42:00+00:00
1757439780000,1.625,1.625,1.625,3,1.625,911,1.625,2025-09-09 17:43:00+00:00
1757439960000,1.64,1.65,1.63,30,1.63,4274,1.64157,2025-09-09 17:46:00+00:00
1757440380000,1.65,1.65,1.65,2,1.65,115,1.65,2025-09-09 17:53:00+00:00
1757440500000,1.6447,1.6447,1.6447,1,1.6447,350,1.6447,2025-09-09 17:55:00+00:00
1757441160000,1.65,1.65,1.65,3,1.65,210,1.65,2025-09-09 18:06:00+00:00
1757441280000,1.6759,1.6759,1.6759,1,1.6759,250,1.6759,2025-09-09 18:08:00+00:00
1757441340000,1.6794,1.6794,1.6794,2,1.6794,870,1.6794,2025-09-09 18:09:00+00:00
1757441400000,1.68,1.68,1.68,2,1.68,115,1.68,2025-09-09 18:10:00+00:00
1757441640000,1.65,1.6691,1.65,5,1.6691,1057,1.66108,2025-09-09 18:14:00+00:00
1757441820000,1.66,1.66,1.65,12,1.65,847,1.65375,2025-09-09 18:17:00+00:00
1757441940000,1.66,1.66,1.66,2,1.66,125,1.66,2025-09-09 18:19:00+00:00
1757442660000,1.66,1.66,1.66,19,1.66,905,1.66,2025-09-09 18:31:00+00:00
1757442780000,1.6652,1.6652,1.6652,2,1.6652,132,1.6652,2025-09-09 18:33:00+00:00
1757443140000,1.66,1.66,1.66,18,1.66,984,1.66,2025-09-09 18:39:00+00:00
1757443440000,1.66,1.66,1.66,6,1.66,343,1.66,2025-09-09 18:44:00+00:00
1757444040000,1.695,1.7,1.655,55,1.66,9393,1.669658,2025-09-09 18:54:00+00:00
1757444100000,1.68,1.695,1.67,68,1.695,8801,1.674589,2025-09-09 18:55:00+00:00
1757444160000,1.6881,1.6881,1.68,4,1.68,343,1.683568,2025-09-09 18:56:00+00:00
1757444220000,1.69,1.69,1.69,10,1.69,858,1.69,2025-09-09 18:57:00+00:00
1757444460000,1.685,1.69,1.685,12,1.69,3792,1.689514,2025-09-09 19:01:00+00:00
1757444760000,1.68,1.68,1.68,1,1.68,100,1.68,2025-09-09 19:06:00+00:00
1757445000000,1.685,1.685,1.685,3,1.685,335,1.685,2025-09-09 19:10:00+00:00
1757445180000,1.685,1.685,1.685,2,1.685,120,1.685,2025-09-09 19:13:00+00:00
1757445540000,1.685,1.685,1.685,3,1.685,226,1.685,2025-09-09 19:19:00+00:00
1757445600000,1.685,1.69,1.6822,6,1.6822,1275,1.684,2025-09-09 19:20:00+00:00
1757445660000,1.685,1.685,1.685,1,1.685,100,1.685,2025-09-09 19:21:00+00:00
1757445900000,1.67,1.68,1.67,28,1.68,1843,1.671714,2025-09-09 19:25:00+00:00
1757445960000,1.675,1.675,1.675,12,1.675,331,1.675,2025-09-09 19:26:00+00:00
1757446020000,1.6935,1.695,1.69,10,1.69,1906,1.691158,2025-09-09 19:27:00+00:00
1757446080000,1.67,1.68,1.67,65,1.68,5617,1.674481,2025-09-09 19:28:00+00:00
1757446140000,1.63,1.672,1.59,623,1.6701,72265,1.622845,2025-09-09 19:29:00+00:00
1757446200000,1.6318,1.6318,1.63,8,1.63,420,1.631011,2025-09-09 19:30:00+00:00
1757446260000,1.62,1.63,1.62,15,1.6274,2549,1.622835,2025-09-09 19:31:00+00:00
1757446440000,1.62,1.62,1.62,6,1.62,204,1.62,2025-09-09 19:34:00+00:00
1757446560000,1.6281,1.6281,1.6281,2,1.6281,201,1.6281,2025-09-09 19:36:00+00:00
1757446620000,1.61,1.65,1.61,80,1.62,9040,1.627988,2025-09-09 19:37:00+00:00
1757446680000,1.61,1.61,1.61,7,1.61,638,1.61,2025-09-09 19:38:00+00:00
1757446920000,1.615,1.615,1.615,3,1.615,131,1.615,2025-09-09 19:42:00+00:00
1757447100000,1.6,1.6,1.6,4,1.6,271,1.6,2025-09-09 19:45:00+00:00
1757447280000,1.615,1.615,1.615,2,1.615,126,1.615,2025-09-09 19:48:00+00:00
1757447340000,1.615,1.615,1.615,4,1.615,165,1.615,2025-09-09 19:49:00+00:00
1757447400000,1.615,1.615,1.615,1,1.615,100,1.615,2025-09-09 19:50:00+00:00
1757447460000,1.615,1.615,1.615,1,1.615,100,1.615,2025-09-09 19:51:00+00:00
1757447640000,1.62,1.62,1.62,5,1.62,122,1.62,2025-09-09 19:54:00+00:00
1757447700000,1.6,1.608,1.6,4,1.608,1004,1.6056,2025-09-09 19:55:00+00:00
1757447820000,1.594,1.594,1.594,3,1.594,202,1.594,2025-09-09 19:57:00+00:00
1757447940000,1.63,1.63,1.63,4,1.63,512,1.63,2025-09-09 19:59:00+00:00
1757448000000,1.6,1.6,1.6,1,1.6,243,1.6,2025-09-09 20:00:00+00:00
1757511000000,1.58,1.59,1.576,10,1.59,1926,1.58258,2025-09-10 13:30:00+00:00
1757511180000,1.5845,1.5845,1.58,37,1.58,2023,1.58142,2025-09-10 13:33:00+00:00
1757511240000,1.61,1.61,1.5866,6,1.5866,1253,1.59042,2025-09-10 13:34:00+00:00
1757511300000,1.62,1.62,1.6,30,1.62,9211,1.612343,2025-09-10 13:35:00+00:00
1757511360000,1.61,1.61,1.61,3,1.61,1000,1.61,2025-09-10 13:36:00+00:00
1757511420000,1.62,1.62,1.615,11,1.615,1781,1.619667,2025-09-10 13:37:00+00:00
1757511540000,1.645,1.645,1.615,15,1.615,2510,1.623093,2025-09-10 13:39:00+00:00
1757511600000,1.6799,1.6799,1.645,46,1.645,12073,1.659665,2025-09-10 13:40:00+00:00
1757511660000,1.645,1.65,1.64,19,1.65,3636,1.646767,2025-09-10 13:41:00+00:00
1757511780000,1.66,1.66,1.66,7,1.66,716,1.66,2025-09-10 13:43:00+00:00
1757511840000,1.65,1.65,1.65,9,1.65,770,1.65,2025-09-10 13:44:00+00:00
1757511960000,1.62,1.645,1.62,19,1.64,4447,1.623401,2025-09-10 13:46:00+00:00
1757512200000,1.6226,1.6226,1.6226,1,1.6226,114,1.6226,2025-09-10 13:50:00+00:00
1757512260000,1.63,1.63,1.63,1,1.63,100,1.63,2025-09-10 13:51:00+00:00
1757512320000,1.63,1.645,1.62,29,1.62,5546,1.637608,2025-09-10 13:52:00+00:00
1757512440000,1.636,1.636,1.636,2,1.636,157,1.636,2025-09-10 13:54:00+00:00
1757512500000,1.62,1.6201,1.62,11,1.6201,6718,1.620004,2025-09-10 13:55:00+00:00
1757512560000,1.58,1.6,1.57,42,1.6,3123,1.582423,2025-09-10 13:56:00+00:00
1757512620000,1.59,1.6,1.585,9,1.585,850,1.59,2025-09-10 13:57:00+00:00
1757512740000,1.589,1.589,1.589,3,1.589,595,1.589,2025-09-10 13:59:00+00:00
1757512860000,1.58,1.58,1.58,1,1.58,124,1.58,2025-09-10 14:01:00+00:00
1757512920000,1.61,1.62,1.6,55,1.6,5917,1.605932,2025-09-10 14:02:00+00:00
1757512980000,1.574,1.6,1.574,18,1.6,1955,1.585384,2025-09-10 14:03:00+00:00
1757513040000,1.5838,1.5838,1.5838,4,1.5838,177,1.5838,2025-09-10 14:04:00+00:00
1757513160000,1.5999,1.5999,1.5999,2,1.5999,101,1.5999,2025-09-10 14:06:00+00:00
1757513220000,1.5874,1.5874,1.584,4,1.584,2300,1.584235,2025-09-10 14:07:00+00:00
1757513400000,1.585,1.585,1.585,2,1.585,324,1.585,2025-09-10 14:10:00+00:00
1757513460000,1.585,1.585,1.5746,7,1.5746,655,1.581682,2025-09-10 14:11:00+00:00
1757513520000,1.58,1.59,1.58,8,1.585,868,1.582637,2025-09-10 14:12:00+00:00
1757513640000,1.585,1.585,1.57,10,1.585,990,1.576933,2025-09-10 14:14:00+00:00
1757513820000,1.571,1.571,1.57,2,1.57,500,1.5702,2025-09-10 14:17:00+00:00
1757513880000,1.5703,1.5703,1.5703,1,1.5703,2200,1.5703,2025-09-10 14:18:00+00:00
1757513940000,1.5701,1.585,1.57,17,1.585,1990,1.572725,2025-09-10 14:19:00+00:00
1757514000000,1.58,1.58,1.58,1,1.58,100,1.58,2025-09-10 14:20:00+00:00
1757514120000,1.59,1.59,1.58,24,1.59,1554,1.58625,2025-09-10 14:22:00+00:00
1757514180000,1.5897,1.5897,1.5897,3,1.5897,160,1.5897,2025-09-10 14:23:00+00:00
1757514300000,1.58,1.58,1.58,1,1.58,167,1.58,2025-09-10 14:25:00+00:00
1757514480000,1.585,1.59,1.58,36,1.585,2239,1.586734,2025-09-10 14:28:00+00:00
1757514540000,1.5865,1.59,1.5865,28,1.59,1375,1.588489,2025-09-10 14:29:00+00:00
1757514660000,1.585,1.585,1.5807,4,1.5807,565,1.581611,2025-09-10 14:31:00+00:00
1757514840000,1.585,1.585,1.585,1,1.585,200,1.585,2025-09-10 14:34:00+00:00
1757514900000,1.585,1.585,1.585,5,1.585,209,1.585,2025-09-10 14:35:00+00:00
1757515200000,1.585,1.585,1.585,1,1.585,123,1.585,2025-09-10 14:40:00+00:00
1757515260000,1.61,1.61,1.59,32,1.59,8714,1.600555,2025-09-10 14:41:00+00:00
1757515440000,1.58,1.6,1.58,6,1.6,404,1.586667,2025-09-10 14:44:00+00:00
1757515620000,1.59,1.6,1.59,8,1.6,498,1.5975,2025-09-10 14:47:00+00:00
1757515740000,1.56,1.58,1.56,20,1.58,2789,1.565587,2025-09-10 14:49:00+00:00
1757515920000,1.56,1.56,1.56,2,1.56,691,1.56,2025-09-10 14:52:00+00:00
1757516220000,1.57,1.57,1.57,14,1.57,1370,1.57,2025-09-10 14:57:00+00:00
1757516280000,1.57,1.57,1.57,5,1.57,526,1.57,2025-09-10 14:58:00+00:00
1757516460000,1.58,1.58,1.575,17,1.575,3592,1.579839,2025-09-10 15:01:00+00:00
1757516520000,1.575,1.58,1.57,17,1.57,3344,1.576905,2025-09-10 15:02:00+00:00
1757516700000,1.585,1.585,1.585,3,1.585,138,1.585,2025-09-10 15:05:00+00:00
1757516880000,1.585,1.585,1.585,2,1.585,162,1.585,2025-09-10 15:08:00+00:00
1757517060000,1.585,1.585,1.585,2,1.585,128,1.585,2025-09-10 15:11:00+00:00
1757517420000,1.5876,1.5876,1.5876,1,1.5876,1000,1.5876,2025-09-10 15:17:00+00:00
1757517960000,1.59,1.6,1.59,17,1.6,5607,1.59932,2025-09-10 15:26:00+00:00
1757518020000,1.59,1.59,1.59,2,1.59,194,1.59,2025-09-10 15:27:00+00:00
1757518200000,1.5936,1.5936,1.5936,1,1.5936,100,1.5936,2025-09-10 15:30:00+00:00
1757518320000,1.59,1.59,1.59,3,1.59,321,1.59,2025-09-10 15:32:00+00:00
1757518740000,1.59,1.59,1.59,2,1.59,210,1.59,2025-09-10 15:39:00+00:00
1757519100000,1.585,1.59,1.585,8,1.59,3200,1.589844,2025-09-10 15:45:00+00:00
1757519340000,1.585,1.585,1.585,1,1.585,100,1.585,2025-09-10 15:49:00+00:00
1757519580000,1.585,1.59,1.58,9,1.59,913,1.586667,2025-09-10 15:53:00+00:00
1757519700000,1.585,1.585,1.585,3,1.585,182,1.585,2025-09-10 15:55:00+00:00
1757519880000,1.61,1.61,1.6,13,1.6,5412,1.600378,2025-09-10 15:58:00+00:00
1757520300000,1.6298,1.63,1.62,5,1.62,411,1.62495,2025-09-10 16:05:00+00:00
1757520600000,1.61,1.61,1.61,5,1.61,662,1.61,2025-09-10 16:10:00+00:00
1757520660000,1.605,1.605,1.605,1,1.605,100,1.605,2025-09-10 16:11:00+00:00
1757520720000,1.58,1.62,1.58,3,1.62,4230,1.580952,2025-09-10 16:12:00+00:00
1757520780000,1.63,1.63,1.63,1,1.63,100,1.63,2025-09-10 16:13:00+00:00
1757521140000,1.6041,1.6041,1.6041,1,1.6041,500,1.6041,2025-09-10 16:19:00+00:00
1757521320000,1.6,1.6,1.6,1,1.6,100,1.6,2025-09-10 16:22:00+00:00
1757521440000,1.6,1.6,1.6,2,1.6,1409,1.6,2025-09-10 16:24:00+00:00
1757521620000,1.605,1.605,1.59,7,1.5903,6430,1.591359,2025-09-10 16:27:00+00:00
1757522100000,1.61,1.61,1.61,4,1.61,202,1.61,2025-09-10 16:35:00+00:00
1757522160000,1.62,1.62,1.595,30,1.595,5335,1.608754,2025-09-10 16:36:00+00:00
1757522280000,1.6264,1.6264,1.61,32,1.61,1661,1.618416,2025-09-10 16:38:00+00:00
1757522400000,1.6295,1.6295,1.62,20,1.62,4095,1.620861,2025-09-10 16:40:00+00:00
1757522460000,1.63,1.63,1.62,22,1.62,3019,1.629233,2025-09-10 16:41:00+00:00
1757522520000,1.62,1.62,1.62,1,1.62,200,1.62,2025-09-10 16:42:00+00:00
1757522640000,1.62,1.62,1.62,4,1.62,243,1.62,2025-09-10 16:44:00+00:00
1757522700000,1.62,1.62,1.62,9,1.62,900,1.62,2025-09-10 16:45:00+00:00
1757522880000,1.63,1.64,1.625,11,1.625,961,1.628723,2025-09-10 16:48:00+00:00
1757522940000,1.625,1.63,1.625,13,1.63,1514,1.62964,2025-09-10 16:49:00+00:00
1757523060000,1.63,1.6399,1.63,13,1.63,3337,1.631088,2025-09-10 16:51:00+00:00
1757523240000,1.62,1.63,1.62,10,1.6202,2865,1.620889,2025-09-10 16:54:00+00:00
1757523300000,1.63,1.63,1.63,2,1.63,300,1.63,2025-09-10 16:55:00+00:00
1757523540000,1.62,1.62,1.62,1,1.62,100,1.62,2025-09-10 16:59:00+00:00
1757523660000,1.63,1.63,1.63,3,1.63,647,1.63,2025-09-10 17:01:00+00:00
1757524260000,1.63,1.63,1.63,3,1.63,900,1.63,2025-09-10 17:11:00+00:00
1757524500000,1.625,1.625,1.62,3,1.62,300,1.621667,2025-09-10 17:15:00+00:00
1757524980000,1.6288,1.6288,1.6288,1,1.6288,1885,1.6288,2025-09-10 17:23:00+00:00
1757525040000,1.615,1.62,1.615,8,1.62,900,1.617778,2025-09-10 17:24:00+00:00
1757525160000,1.62,1.62,1.62,2,1.62,282,1.62,2025-09-10 17:26:00+00:00
1757525880000,1.62,1.62,1.62,1,1.62,310,1.62,2025-09-10 17:38:00+00:00
1757525940000,1.59,1.62,1.59,15,1.62,3421,1.600607,2025-09-10 17:39:00+00:00
1757526000000,1.6,1.6,1.6,3,1.6,2128,1.6,2025-09-10 17:40:00+00:00
1757526120000,1.605,1.605,1.605,3,1.605,133,1.605,2025-09-10 17:42:00+00:00
1757526900000,1.605,1.605,1.605,1,1.605,550,1.605,2025-09-10 17:55:00+00:00
1757527020000,1.6,1.6,1.6,3,1.6,400,1.6,2025-09-10 17:57:00+00:00
1757527080000,1.605,1.605,1.605,2,1.605,6017,1.605,2025-09-10 17:58:00+00:00
1757527560000,1.62,1.62,1.6,19,1.61,2813,1.609074,2025-09-10 18:06:00+00:00
1757527620000,1.6148,1.6148,1.6148,2,1.6148,1008,1.6148,2025-09-10 18:07:00+00:00
1757527800000,1.6034,1.61,1.6034,15,1.61,1702,1.6078,2025-09-10 18:10:00+00:00
1757527860000,1.58,1.605,1.58,14,1.605,1276,1.594483,2025-09-10 18:11:00+00:00
1757528040000,1.59,1.59,1.58,11,1.58,12497,1.580081,2025-09-10 18:14:00+00:00
1757528160000,1.59,1.59,1.58,11,1.59,1250,1.586364,2025-09-10 18:16:00+00:00
1757528400000,1.6172,1.6172,1.6172,4,1.6172,450,1.6172,2025-09-10 18:20:00+00:00
1757529120000,1.6,1.6,1.6,9,1.6,1500,1.6,2025-09-10 18:32:00+00:00
1757529240000,1.61,1.61,1.61,2,1.61,200,1.61,2025-09-10 18:34:00+00:00
1757529360000,1.605,1.605,1.59,3,1.59,2120,1.590896,2025-09-10 18:36:00+00:00
1757529900000,1.61,1.61,1.605,5,1.605,2007,1.609688,2025-09-10 18:45:00+00:00
1757530020000,1.59,1.6,1.59,53,1.6,5037,1.593976,2025-09-10 18:47:00+00:00
1757530080000,1.59,1.59,1.59,4,1.59,300,1.59,2025-09-10 18:48:00+00:00
1757530140000,1.59,1.59,1.59,1,1.59,631,1.59,2025-09-10 18:49:00+00:00
1757530500000,1.59,1.5901,1.585,12,1.5901,2025,1.589541,2025-09-10 18:55:00+00:00
1757530560000,1.5999,1.5999,1.5999,1,1.5999,1328,1.5999,2025-09-10 18:56:00+00:00
1757530800000,1.6,1.61,1.5999,12,1.5999,6180,1.600583,2025-09-10 19:00:00+00:00
1757531640000,1.61,1.61,1.61,4,1.61,103,1.61,2025-09-10 19:14:00+00:00
1757531700000,1.61,1.61,1.61,3,1.61,253,1.61,2025-09-10 19:15:00+00:00
1757531760000,1.61,1.62,1.61,8,1.62,899,1.614536,2025-09-10 19:16:00+00:00
1757531820000,1.6194,1.6194,1.6194,1,1.6194,203,1.6194,2025-09-10 19:17:00+00:00
1757532000000,1.61,1.6101,1.61,17,1.61,2427,1.610011,2025-09-10 19:20:00+00:00
1757532060000,1.61,1.61,1.61,53,1.61,3061,1.61,2025-09-10 19:21:00+00:00
1757532480000,1.6,1.61,1.6,36,1.61,6167,1.600934,2025-09-10 19:28:00+00:00
1757532600000,1.61,1.61,1.57,128,1.605,9433,1.592255,2025-09-10 19:30:00+00:00
1757532660000,1.6092,1.6092,1.6092,2,1.6092,114,1.6092,2025-09-10 19:31:00+00:00
1757532840000,1.64,1.65,1.61,97,1.61,36602,1.633915,2025-09-10 19:34:00+00:00
1757532900000,1.64,1.64,1.64,2,1.64,1100,1.64,2025-09-10 19:35:00+00:00
1757533080000,1.63,1.65,1.63,34,1.65,2932,1.643379,2025-09-10 19:38:00+00:00
1757533260000,1.64,1.64,1.64,1,1.64,100,1.64,2025-09-10 19:41:00+00:00
1757533380000,1.59,1.59,1.59,2,1.59,170,1.59,2025-09-10 19:43:00+00:00
1757533440000,1.615,1.615,1.615,6,1.615,600,1.615,2025-09-10 19:44:00+00:00
1757533680000,1.5901,1.615,1.5901,2,1.615,500,1.60504,2025-09-10 19:48:00+00:00
1757534160000,1.62,1.62,1.6,2,1.6,753,1.602656,2025-09-10 19:56:00+00:00
1757534220000,1.62,1.62,1.62,5,1.62,389,1.62,2025-09-10 19:57:00+00:00
1757534340000,1.62,1.63,1.615,38,1.6296,7577,1.625588,2025-09-10 19:59:00+00:00
1757534400000,1.62,1.62,1.62,1,1.62,441,1.62,2025-09-10 20:00:00+00:00
1757597400000,1.6197,1.6197,1.59,5,1.59,889,1.600519,2025-09-11 13:30:00+00:00
1757597580000,1.6482,1.6482,1.64,3,1.64,208,1.6441,2025-09-11 13:33:00+00:00
1757597640000,1.61,1.61,1.61,13,1.61,2858,1.61,2025-09-11 13:34:00+00:00
1757597700000,1.62,1.62,1.62,5,1.62,602,1.62,2025-09-11 13:35:00+00:00
1757597880000,1.64,1.64,1.62,25,1.62,1612,1.638571,2025-09-11 13:38:00+00:00
1757597940000,1.64,1.64,1.64,9,1.64,252,1.64,2025-09-11 13:39:00+00:00
1757598000000,1.64,1.64,1.64,5,1.64,231,1.64,2025-09-11 13:40:00+00:00
1757598120000,1.67,1.67,1.64,15,1.64,4854,1.645944,2025-09-11 13:42:00+00:00
1757598180000,1.65,1.66,1.65,17,1.6501,1436,1.650917,2025-09-11 13:43:00+00:00
1757598240000,1.6406,1.67,1.6406,2,1.67,2101,1.668587,2025-09-11 13:44:00+00:00
1757598300000,1.655,1.67,1.655,2,1.67,1100,1.668636,2025-09-11 13:45:00+00:00
1757598360000,1.66,1.66,1.66,7,1.66,2330,1.66,2025-09-11 13:46:00+00:00
1757598480000,1.655,1.66,1.655,9,1.655,2320,1.65912,2025-09-11 13:48:00+00:00
1757598540000,1.64,1.64,1.64,6,1.64,562,1.64,2025-09-11 13:49:00+00:00
1757598600000,1.615,1.615,1.615,3,1.615,1004,1.615,2025-09-11 13:50:00+00:00
1757598660000,1.61,1.61,1.61,1,1.61,2000,1.61,2025-09-11 13:51:00+00:00
1757598960000,1.65,1.65,1.63,33,1.63,2503,1.638609,2025-09-11 13:56:00+00:00
1757599200000,1.65,1.66,1.64,25,1.66,5397,1.656771,2025-09-11 14:00:00+00:00
1757599260000,1.67,1.675,1.66,27,1.66,2161,1.665423,2025-09-11 14:01:00+00:00
1757599320000,1.67,1.67,1.67,3,1.67,106,1.67,2025-09-11 14:02:00+00:00
1757599380000,1.68,1.68,1.68,2,1.68,240,1.68,2025-09-11 14:03:00+00:00
1757599560000,1.66,1.66,1.65,42,1.65,2078,1.651111,2025-09-11 14:06:00+00:00
1757599680000,1.66,1.66,1.66,8,1.66,919,1.66,2025-09-11 14:08:00+00:00
1757599740000,1.66,1.66,1.66,1,1.66,5000,1.66,2025-09-11 14:09:00+00:00
1757599800000,1.68,1.69,1.665,34,1.665,5542,1.671061,2025-09-11 14:10:00+00:00
1757599980000,1.69,1.7,1.6822,3,1.6822,300,1.690733,2025-09-11 14:13:00+00:00
1757600040000,1.6972,1.6972,1.6972,2,1.6972,2035,1.6972,2025-09-11 14:14:00+00:00
1757600100000,1.693,1.6989,1.693,2,1.6989,3050,1.696869,2025-09-11 14:15:00+00:00
1757600160000,1.69,1.69,1.68,4,1.68,312,1.686667,2025-09-11 14:16:00+00:00
1757600220000,1.68,1.69,1.68,12,1.69,4755,1.683719,2025-09-11 14:17:00+00:00
1757600400000,1.67,1.7,1.67,39,1.7,1499,1.679281,2025-09-11 14:20:00+00:00
1757601180000,1.67,1.67,1.6601,7,1.6601,3260,1.660481,2025-09-11 14:33:00+00:00
1757601300000,1.66,1.67,1.66,9,1.67,935,1.661389,2025-09-11 14:35:00+00:00
1757601780000,1.67,1.67,1.67,4,1.67,400,1.67,2025-09-11 14:43:00+00:00
1757601960000,1.68,1.68,1.67,14,1.67,5614,1.670741,2025-09-11 14:46:00+00:00
1757602140000,1.68,1.68,1.68,5,1.68,140,1.68,2025-09-11 14:49:00+00:00
1757602200000,1.69,1.69,1.68,6,1.68,2951,1.68034,2025-09-11 14:50:00+00:00
1757602500000,1.68,1.68,1.68,2,1.68,120,1.68,2025-09-11 14:55:00+00:00
1757602560000,1.68,1.68,1.68,4,1.68,139,1.68,2025-09-11 14:56:00+00:00
1757602860000,1.68,1.68,1.68,17,1.68,566,1.68,2025-09-11 15:01:00+00:00
1757602920000,1.675,1.675,1.675,3,1.675,300,1.675,2025-09-11 15:02:00+00:00
1757603760000,1.6762,1.6762,1.6762,1,1.6762,602,1.6762,2025-09-11 15:16:00+00:00
1757603820000,1.68,1.68,1.68,12,1.68,357,1.68,2025-09-11 15:17:00+00:00
1757603880000,1.68,1.68,1.67,5,1.67,5381,1.670566,2025-09-11 15:18:00+00:00
1757603940000,1.675,1.69,1.67,33,1.68,5422,1.676269,2025-09-11 15:19:00+00:00
1757604000000,1.675,1.675,1.675,4,1.675,4427,1.675,2025-09-11 15:20:00+00:00
1757604060000,1.665,1.68,1.665,37,1.675,3483,1.67511,2025-09-11 15:21:00+00:00
1757604120000,1.67,1.67,1.665,19,1.665,911,1.669139,2025-09-11 15:22:00+00:00
1757604240000,1.67,1.67,1.665,12,1.665,751,1.6675,2025-09-11 15:24:00+00:00
1757604300000,1.68,1.68,1.6789,2,1.6789,400,1.679175,2025-09-11 15:25:00+00:00
1757604720000,1.66,1.66,1.66,1,1.66,260,1.66,2025-09-11 15:32:00+00:00
1757604900000,1.64,1.66,1.63,51,1.66,8030,1.637571,2025-09-11 15:35:00+00:00
1757605020000,1.65,1.65,1.65,8,1.65,361,1.65,2025-09-11 15:37:00+00:00
1757605260000,1.64,1.64,1.64,1,1.64,100,1.64,2025-09-11 15:41:00+00:00
1757605920000,1.6404,1.65,1.6404,2,1.65,300,1.6436,2025-09-11 15:52:00+00:00
1757606100000,1.65,1.65,1.6478,2,1.6478,650,1.649492,2025-09-11 15:55:00+00:00
1757606160000,1.65,1.65,1.65,1,1.65,412,1.65,2025-09-11 15:56:00+00:00
1757606460000,1.6412,1.6412,1.6412,2,1.6412,607,1.6412,2025-09-11 16:01:00+00:00
1757606700000,1.64,1.645,1.64,9,1.64,847,1.640849,2025-09-11 16:05:00+00:00
1757606760000,1.66,1.665,1.65,19,1.65,1617,1.657351,2025-09-11 16:06:00+00:00
1757606820000,1.66,1.66,1.66,1,1.66,100,1.66,2025-09-11 16:07:00+00:00
1757607480000,1.665,1.665,1.665,1,1.665,1000,1.665,2025-09-11 16:18:00+00:00
1757607720000,1.675,1.68,1.665,23,1.665,4188,1.678152,2025-09-11 16:22:00+00:00
1757607780000,1.675,1.68,1.675,16,1.675,2000,1.675526,2025-09-11 16:23:00+00:00
1757607960000,1.6716,1.6716,1.6716,2,1.6716,501,1.6716,2025-09-11 16:26:00+00:00
1757608140000,1.67,1.67,1.67,11,1.67,900,1.67,2025-09-11 16:29:00+00:00
1757609040000,1.67,1.67,1.67,4,1.67,220,1.67,2025-09-11 16:44:00+00:00
1757609280000,1.67,1.67,1.6606,16,1.6606,763,1.66248,2025-09-11 16:48:00+00:00
1757609340000,1.67,1.67,1.67,3,1.67,426,1.67,2025-09-11 16:49:00+00:00
1757609640000,1.66,1.66,1.66,1,1.66,325,1.66,2025-09-11 16:54:00+00:00
1757609880000,1.675,1.675,1.675,1,1.675,150,1.675,2025-09-11 16:58:00+00:00
1757609940000,1.675,1.675,1.675,2,1.675,151,1.675,2025-09-11 16:59:00+00:00
1757610600000,1.66,1.67,1.66,13,1.67,984,1.66875,2025-09-11 17:10:00+00:00
1757610960000,1.665,1.68,1.665,3,1.68,1432,1.678899,2025-09-11 17:16:00+00:00
1757611680000,1.6519,1.6519,1.6519,2,1.6519,416,1.6519,2025-09-11 17:28:00+00:00
1757612100000,1.665,1.665,1.665,1,1.665,100,1.665,2025-09-11 17:35:00+00:00
1757612160000,1.66,1.66,1.66,15,1.66,677,1.66,2025-09-11 17:36:00+00:00
1757612520000,1.6792,1.6792,1.6792,1,1.6792,200,1.6792,2025-09-11 17:42:00+00:00
1757612580000,1.67,1.67,1.67,4,1.67,233,1.67,2025-09-11 17:43:00+00:00
1757613120000,1.6725,1.6725,1.6701,2,1.6701,618,1.670558,2025-09-11 17:52:00+00:00
1757613540000,1.665,1.67,1.66,12,1.67,2462,1.668187,2025-09-11 17:59:00+00:00
1757614260000,1.67,1.67,1.66,9,1.66,460,1.666667,2025-09-11 18:11:00+00:00
1757614680000,1.665,1.665,1.665,1,1.665,2000,1.665,2025-09-11 18:18:00+00:00
1757614920000,1.665,1.68,1.665,33,1.67,3032,1.672247,2025-09-11 18:22:00+00:00
1757614980000,1.645,1.66,1.645,43,1.66,9205,1.653932,2025-09-11 18:23:00+00:00
1757615040000,1.63,1.64,1.63,24,1.64,1333,1.638182,2025-09-11 18:24:00+00:00
1757615100000,1.625,1.625,1.61,2,1.61,5100,1.610294,2025-09-11 18:25:00+00:00
1757615160000,1.62,1.62,1.62,1,1.62,100,1.62,2025-09-11 18:26:00+00:00
1757615220000,1.62,1.62,1.62,1,1.62,100,1.62,2025-09-11 18:27:00+00:00
1757615460000,1.63,1.63,1.63,1,1.63,338,1.63,2025-09-11 18:31:00+00:00
1757615820000,1.62,1.62,1.62,6,1.62,670,1.62,2025-09-11 18:37:00+00:00
1757615940000,1.63,1.63,1.62,2,1.62,200,1.625,2025-09-11 18:39:00+00:00
1757616000000,1.62,1.62,1.62,1,1.62,228,1.62,2025-09-11 18:40:00+00:00
1757616180000,1.615,1.6202,1.61,18,1.62,2231,1.61501,2025-09-11 18:43:00+00:00
1757616420000,1.61,1.61,1.61,4,1.61,1059,1.61,2025-09-11 18:47:00+00:00
1757616480000,1.6,1.6,1.58,17,1.58,3074,1.59786,2025-09-11 18:48:00+00:00
1757616780000,1.6,1.6,1.6,2,1.6,522,1.6,2025-09-11 18:53:00+00:00
1757616840000,1.6,1.6,1.6,1,1.6,100,1.6,2025-09-11 18:54:00+00:00
1757616900000,1.595,1.6,1.595,13,1.595,2100,1.595952,2025-09-11 18:55:00+00:00
1757616960000,1.5999,1.5999,1.585,17,1.595,2610,1.591712,2025-09-11 18:56:00+00:00
1757617020000,1.59,1.59,1.59,9,1.59,442,1.59,2025-09-11 18:57:00+00:00
1757617140000,1.6,1.6,1.59,9,1.59,1350,1.599167,2025-09-11 18:59:00+00:00
1757617200000,1.59,1.59,1.59,2,1.59,206,1.59,2025-09-11 19:00:00+00:00
1757617260000,1.595,1.6,1.59,8,1.59,1240,1.598636,2025-09-11 19:01:00+00:00
1757617320000,1.595,1.6,1.595,5,1.595,500,1.597,2025-09-11 19:02:00+00:00
1757617440000,1.59,1.59,1.585,15,1.59,905,1.587143,2025-09-11 19:04:00+00:00
1757617860000,1.5971,1.5971,1.5971,1,1.5971,328,1.5971,2025-09-11 19:11:00+00:00
1757617980000,1.595,1.5958,1.595,9,1.5958,1000,1.59516,2025-09-11 19:13:00+00:00
1757618100000,1.59,1.595,1.59,10,1.595,641,1.591,2025-09-11 19:15:00+00:00
1757618280000,1.595,1.595,1.595,5,1.595,1240,1.595,2025-09-11 19:18:00+00:00
1757618340000,1.59,1.59,1.59,3,1.59,300,1.59,2025-09-11 19:19:00+00:00
1757618760000,1.5998,1.5998,1.5998,2,1.5998,570,1.5998,2025-09-11 19:26:00+00:00
1757619060000,1.5898,1.5898,1.585,8,1.585,1000,1.58596,2025-09-11 19:31:00+00:00
1757619240000,1.59,1.59,1.5899,9,1.59,1667,1.589934,2025-09-11 19:34:00+00:00
1757619300000,1.595,1.6,1.59,44,1.59,5519,1.59276,2025-09-11 19:35:00+00:00
1757619360000,1.59,1.59,1.59,2,1.59,200,1.59,2025-09-11 19:36:00+00:00
1757619420000,1.585,1.59,1.57,37,1.59,9478,1.579876,2025-09-11 19:37:00+00:00
1757619540000,1.575,1.58,1.575,14,1.58,1885,1.57885,2025-09-11 19:39:00+00:00
1757619660000,1.58,1.58,1.57,13,1.5707,1472,1.57233,2025-09-11 19:41:00+00:00
1757619720000,1.57,1.57,1.57,3,1.57,211,1.57,2025-09-11 19:42:00+00:00
1757619840000,1.585,1.585,1.57,17,1.58,1067,1.578157,2025-09-11 19:44:00+00:00
1757620200000,1.59,1.59,1.58,52,1.58,9672,1.581426,2025-09-11 19:50:00+00:00
1757620260000,1.58,1.585,1.58,6,1.585,615,1.58369,2025-09-11 19:51:00+00:00
1757620320000,1.58,1.58,1.58,2,1.58,300,1.58,2025-09-11 19:52:00+00:00
1757620500000,1.59,1.59,1.59,20,1.59,860,1.59,2025-09-11 19:55:00+00:00
1757620560000,1.59,1.59,1.59,1,1.59,200,1.59,2025-09-11 19:56:00+00:00
1757620740000,1.58,1.59,1.58,26,1.59,2886,1.585,2025-09-11 19:59:00+00:00
1757620800000,1.57,1.57,1.57,1,1.57,510,1.57,2025-09-11 20:00:00+00:00
1757683800000,1.57,1.57,1.57,4,1.57,1256,1.57,2025-09-12 13:30:00+00:00
1757683860000,1.63,1.63,1.63,3,1.63,149,1.63,2025-09-12 13:31:00+00:00
1757683980000,1.5852,1.5852,1.5852,2,1.5852,501,1.5852,2025-09-12 13:33:00+00:00
1757684040000,1.61,1.61,1.61,1,1.61,100,1.61,2025-09-12 13:34:00+00:00
1757684580000,1.6,1.619,1.6,13,1.619,1302,1.601727,2025-09-12 13:43:00+00:00
1757684820000,1.6,1.6,1.6,4,1.6,374,1.6,2025-09-12 13:47:00+00:00
1757685180000,1.6,1.6,1.6,4,1.6,317,1.6,2025-09-12 13:53:00+00:00
1757685300000,1.6,1.6,1.5955,4,1.5955,584,1.5982,2025-09-12 13:55:00+00:00
1757685780000,1.62,1.62,1.6123,8,1.6123,2606,1.615854,2025-09-12 14:03:00+00:00
1757685960000,1.62,1.62,1.62,2,1.62,2001,1.62,2025-09-12 14:06:00+00:00
1757686260000,1.62,1.62,1.61,5,1.61,1001,1.611036,2025-09-12 14:11:00+00:00
1757686320000,1.62,1.62,1.62,4,1.62,133,1.62,2025-09-12 14:12:00+00:00
1757686440000,1.62,1.62,1.6164,2,1.6164,1100,1.616727,2025-09-12 14:14:00+00:00
1757686560000,1.6263,1.6263,1.6263,1,1.6263,100,1.6263,2025-09-12 14:16:00+00:00
1757686620000,1.6216,1.6216,1.6216,2,1.6216,200,1.6216,2025-09-12 14:17:00+00:00
1757686680000,1.6316,1.6316,1.63,7,1.63,710,1.630271,2025-09-12 14:18:00+00:00
1757686740000,1.64,1.64,1.6384,2,1.6384,1100,1.638545,2025-09-12 14:19:00+00:00
1757686800000,1.6302,1.64,1.6302,3,1.6302,900,1.633467,2025-09-12 14:20:00+00:00
1757686920000,1.6307,1.6307,1.6307,1,1.6307,115,1.6307,2025-09-12 14:22:00+00:00
1757686980000,1.6388,1.64,1.6388,4,1.6388,312,1.6392,2025-09-12 14:23:00+00:00
1757687040000,1.635,1.64,1.63,5,1.63,501,1.63616,2025-09-12 14:24:00+00:00
1757687100000,1.6388,1.6399,1.6388,3,1.6399,225,1.63935,2025-09-12 14:25:00+00:00
1757687160000,1.64,1.64,1.635,3,1.635,811,1.639308,2025-09-12 14:26:00+00:00
1757687220000,1.6358,1.6358,1.635,2,1.635,200,1.6354,2025-09-12 14:27:00+00:00
1757687580000,1.64,1.64,1.635,17,1.64,1753,1.639286,2025-09-12 14:33:00+00:00
1757687640000,1.6207,1.6207,1.6207,1,1.6207,100,1.6207,2025-09-12 14:34:00+00:00
1757687700000,1.6,1.64,1.595,159,1.62,31656,1.609913,2025-09-12 14:35:00+00:00
1757687760000,1.5945,1.5989,1.5945,3,1.5958,900,1.595133,2025-09-12 14:36:00+00:00
1757687820000,1.6,1.6,1.595,8,1.5989,800,1.598252,2025-09-12 14:37:00+00:00
1757687940000,1.565,1.5907,1.565,30,1.5907,9491,1.583007,2025-09-12 14:39:00+00:00
1757688000000,1.5674,1.58,1.5605,10,1.5605,6922,1.577948,2025-09-12 14:40:00+00:00
1757688060000,1.575,1.58,1.5526,29,1.5745,3287,1.567953,2025-09-12 14:41:00+00:00
1757688120000,1.58,1.58,1.58,1,1.58,3300,1.58,2025-09-12 14:42:00+00:00
1757688780000,1.585,1.585,1.585,5,1.585,500,1.585,2025-09-12 14:53:00+00:00
1757688840000,1.585,1.585,1.585,2,1.585,121,1.585,2025-09-12 14:54:00+00:00
1757689260000,1.59,1.59,1.585,4,1.585,1209,1.588964,2025-09-12 15:01:00+00:00
1757689320000,1.585,1.585,1.585,2,1.585,165,1.585,2025-09-12 15:02:00+00:00
1757689500000,1.585,1.585,1.585,2,1.585,105,1.585,2025-09-12 15:05:00+00:00
1757689620000,1.585,1.585,1.585,2,1.585,163,1.585,2025-09-12 15:07:00+00:00
1757689740000,1.58,1.58,1.58,11,1.58,4305,1.58,2025-09-12 15:09:00+00:00
1757689800000,1.59,1.59,1.59,11,1.59,427,1.59,2025-09-12 15:10:00+00:00
1757690100000,1.585,1.585,1.58,10,1.585,742,1.5825,2025-09-12 15:15:00+00:00
1757690220000,1.575,1.585,1.575,23,1.585,2049,1.582222,2025-09-12 15:17:00+00:00
1757690280000,1.5799,1.5799,1.5799,8,1.5799,572,1.5799,2025-09-12 15:18:00+00:00
1757690520000,1.59,1.59,1.58,16,1.59,4053,1.581298,2025-09-12 15:22:00+00:00
1757690640000,1.59,1.59,1.59,1,1.59,100,1.59,2025-09-12 15:24:00+00:00
1757690760000,1.59,1.59,1.59,1,1.59,100,1.59,2025-09-12 15:26:00+00:00
1757690940000,1.59,1.59,1.59,1,1.59,100,1.59,2025-09-12 15:29:00+00:00
1757691000000,1.59,1.59,1.59,2,1.59,200,1.59,2025-09-12 15:30:00+00:00
1757691120000,1.59,1.59,1.59,1,1.59,100,1.59,2025-09-12 15:32:00+00:00
1757691420000,1.585,1.59,1.585,5,1.59,305,1.5875,2025-09-12 15:37:00+00:00
1757691600000,1.59,1.59,1.59,1,1.59,100,1.59,2025-09-12 15:40:00+00:00
1757691960000,1.59,1.59,1.59,2,1.59,200,1.59,2025-09-12 15:46:00+00:00
1757692080000,1.59,1.59,1.59,1,1.59,100,1.59,2025-09-12 15:48:00+00:00
1757692200000,1.5635,1.58,1.52,93,1.58,12105,1.538127,2025-09-12 15:50:00+00:00
1757692260000,1.5635,1.5635,1.5635,1,1.5635,150,1.5635,2025-09-12 15:51:00+00:00
1757692320000,1.56,1.56,1.56,2,1.56,110,1.56,2025-09-12 15:52:00+00:00
1757692380000,1.565,1.565,1.565,3,1.565,112,1.565,2025-09-12 15:53:00+00:00
1757692440000,1.575,1.575,1.57,30,1.57,1717,1.570333,2025-09-12 15:54:00+00:00
1757692500000,1.58,1.58,1.575,14,1.575,1102,1.577747,2025-09-12 15:55:00+00:00
1757692560000,1.59,1.59,1.59,1,1.59,100,1.59,2025-09-12 15:56:00+00:00
1757692740000,1.59,1.59,1.59,1,1.59,100,1.59,2025-09-12 15:59:00+00:00
1757693340000,1.59,1.59,1.59,4,1.59,1100,1.59,2025-09-12 16:09:00+00:00
1757693460000,1.59,1.59,1.59,5,1.59,592,1.59,2025-09-12 16:11:00+00:00
1757693760000,1.585,1.5895,1.585,2,1.5895,786,1.588927,2025-09-12 16:16:00+00:00
1757693940000,1.58,1.585,1.58,6,1.585,916,1.582784,2025-09-12 16:19:00+00:00
1757694000000,1.59,1.59,1.59,1,1.59,4303,1.59,2025-09-12 16:20:00+00:00
1757694180000,1.56,1.58,1.56,16,1.58,1237,1.57665,2025-09-12 16:23:00+00:00
1757694300000,1.56,1.56,1.56,1,1.56,100,1.56,2025-09-12 16:25:00+00:00
1757694360000,1.5799,1.5799,1.5799,2,1.5799,107,1.5799,2025-09-12 16:26:00+00:00
1757694540000,1.59,1.6,1.58,26,1.58,3341,1.591045,2025-09-12 16:29:00+00:00
1757695140000,1.59,1.59,1.59,30,1.59,1565,1.59,2025-09-12 16:39:00+00:00
1757695260000,1.595,1.6,1.59,17,1.59,2326,1.59863,2025-09-12 16:41:00+00:00
1757695320000,1.6,1.6,1.595,19,1.595,2662,1.599771,2025-09-12 16:42:00+00:00
1757695380000,1.6,1.6,1.6,3,1.6,300,1.6,2025-09-12 16:43:00+00:00
1757695440000,1.6,1.6,1.6,2,1.6,800,1.6,2025-09-12 16:44:00+00:00
1757695500000,1.6,1.6,1.6,3,1.6,800,1.6,2025-09-12 16:45:00+00:00
1757695800000,1.595,1.6,1.595,15,1.6,1224,1.599051,2025-09-12 16:50:00+00:00
1757695860000,1.6,1.6,1.6,4,1.6,346,1.6,2025-09-12 16:51:00+00:00
1757696160000,1.595,1.6,1.595,7,1.6,700,1.599286,2025-09-12 16:56:00+00:00
1757696280000,1.6,1.6,1.6,2,1.6,200,1.6,2025-09-12 16:58:00+00:00
1757696520000,1.6,1.6,1.6,1,1.6,100,1.6,2025-09-12 17:02:00+00:00
1757696760000,1.6,1.6,1.6,2,1.6,200,1.6,2025-09-12 17:06:00+00:00
1757697120000,1.6,1.6,1.6,19,1.6,2210,1.6,2025-09-12 17:12:00+00:00
1757697180000,1.6,1.6,1.6,2,1.6,200,1.6,2025-09-12 17:13:00+00:00
1757697300000,1.6,1.6,1.6,22,1.6,1714,1.6,2025-09-12 17:15:00+00:00
1757697480000,1.6,1.6,1.6,2,1.6,200,1.6,2025-09-12 17:18:00+00:00
1757697540000,1.6,1.6,1.6,2,1.6,200,1.6,2025-09-12 17:19:00+00:00
1757697600000,1.6,1.6,1.6,7,1.6,500,1.6,2025-09-12 17:20:00+00:00
1757697720000,1.595,1.595,1.595,1,1.595,100,1.595,2025-09-12 17:22:00+00:00
1757697900000,1.6,1.6,1.6,13,1.6,975,1.6,2025-09-12 17:25:00+00:00
1757698020000,1.595,1.6,1.595,4,1.6,1000,1.5995,2025-09-12 17:27:00+00:00
1757698260000,1.6,1.6,1.6,1,1.6,100,1.6,2025-09-12 17:31:00+00:00
1757698440000,1.6,1.6,1.6,1,1.6,100,1.6,2025-09-12 17:34:00+00:00
1757698500000,1.6,1.6,1.6,10,1.6,557,1.6,2025-09-12 17:35:00+00:00
1757698860000,1.6,1.6,1.59,15,1.595,1091,1.593901,2025-09-12 17:41:00+00:00
1757699160000,1.6,1.6,1.6,2,1.6,150,1.6,2025-09-12 17:46:00+00:00
1757699340000,1.5938,1.5938,1.5938,1,1.5938,153,1.5938,2025-09-12 17:49:00+00:00
1757699460000,1.5949,1.5949,1.5949,1,1.5949,250,1.5949,2025-09-12 17:51:00+00:00
1757699760000,1.565,1.59,1.565,12,1.59,649,1.578661,2025-09-12 17:56:00+00:00
1757700180000,1.57,1.57,1.57,1,1.57,100,1.57,2025-09-12 18:03:00+00:00
1757700240000,1.57,1.6,1.57,2,1.6,2170,1.59765,2025-09-12 18:04:00+00:00
1757700600000,1.57,1.57,1.57,1,1.57,200,1.57,2025-09-12 18:10:00+00:00
1757700660000,1.575,1.6,1.575,7,1.599,3550,1.597563,2025-09-12 18:11:00+00:00
1757700720000,1.6,1.6,1.6,3,1.6,136,1.6,2025-09-12 18:12:00+00:00
1757701560000,1.63,1.63,1.59,48,1.59,15930,1.603866,2025-09-12 18:26:00+00:00
1757701620000,1.595,1.61,1.595,9,1.61,974,1.60125,2025-09-12 18:27:00+00:00
1757702760000,1.6031,1.6031,1.6031,2,1.6031,169,1.6031,2025-09-12 18:46:00+00:00
1757702940000,1.58,1.58,1.58,1,1.58,687,1.58,2025-09-12 18:49:00+00:00
1757704020000,1.595,1.595,1.58,38,1.59,1799,1.590652,2025-09-12 19:07:00+00:00
1757704260000,1.575,1.59,1.575,31,1.59,1191,1.584304,2025-09-12 19:11:00+00:00
1757704800000,1.57,1.57,1.57,3,1.57,220,1.57,2025-09-12 19:20:00+00:00
1757705280000,1.56,1.56,1.56,1,1.56,161,1.56,2025-09-12 19:28:00+00:00
1757705400000,1.565,1.565,1.56,15,1.56,1004,1.560812,2025-09-12 19:30:00+00:00
1757705460000,1.56,1.56,1.56,13,1.56,578,1.56,2025-09-12 19:31:00+00:00
1757705760000,1.59,1.59,1.56,19,1.56,2015,1.566587,2025-09-12 19:36:00+00:00
1757705820000,1.59,1.59,1.59,1,1.59,100,1.59,2025-09-12 19:37:00+00:00
1757706300000,1.5772,1.5772,1.5772,1,1.5772,100,1.5772,2025-09-12 19:45:00+00:00
1757706420000,1.57,1.57,1.57,4,1.57,288,1.57,2025-09-12 19:47:00+00:00
1757707020000,1.57,1.58,1.565,21,1.565,1039,1.572143,2025-09-12 19:57:00+00:00
1757707140000,1.56,1.58,1.56,7,1.568,1159,1.5732,2025-09-12 19:59:00+00:00
1757707200000,1.57,1.57,1.57,2,1.57,336,1.57,2025-09-12 20:00:00+00:00
1757943000000,1.59,1.59,1.57,8,1.57,2142,1.588921,2025-09-15 13:30:00+00:00
1757943120000,1.585,1.585,1.585,2,1.585,101,1.585,2025-09-15 13:32:00+00:00
1757943660000,1.57,1.6,1.57,4,1.6,8842,1.571705,2025-09-15 13:41:00+00:00
1757943960000,1.5895,1.5895,1.5895,2,1.5895,140,1.5895,2025-09-15 13:46:00+00:00
1757944260000,1.57,1.57,1.57,4,1.57,425,1.57,2025-09-15 13:51:00+00:00
1757944320000,1.5701,1.5701,1.5701,2,1.5701,256,1.5701,2025-09-15 13:52:00+00:00
1757944380000,1.57,1.5799,1.57,7,1.5799,3341,1.5703,2025-09-15 13:53:00+00:00
1757944500000,1.5615,1.5615,1.5615,1,1.5615,200,1.5615,2025-09-15 13:55:00+00:00
1757944860000,1.57,1.57,1.57,1,1.57,100,1.57,2025-09-15 14:01:00+00:00
1757944920000,1.5645,1.5645,1.5645,1,1.5645,300,1.5645,2025-09-15 14:02:00+00:00
1757944980000,1.56,1.56,1.56,4,1.56,391,1.56,2025-09-15 14:03:00+00:00
1757945160000,1.5586,1.56,1.558,3,1.558,500,1.55876,2025-09-15 14:06:00+00:00
1757945220000,1.555,1.56,1.555,14,1.5584,3024,1.5578,2025-09-15 14:07:00+00:00
1757945280000,1.555,1.56,1.555,15,1.56,3693,1.557901,2025-09-15 14:08:00+00:00
1757945460000,1.555,1.555,1.555,1,1.555,300,1.555,2025-09-15 14:11:00+00:00
1757945520000,1.555,1.555,1.5507,5,1.5507,2111,1.550905,2025-09-15 14:12:00+00:00
1757945700000,1.55,1.55,1.55,4,1.55,249,1.55,2025-09-15 14:15:00+00:00
1757945760000,1.555,1.555,1.555,3,1.555,540,1.555,2025-09-15 14:16:00+00:00
1757945880000,1.535,1.55,1.535,12,1.55,3601,1.549136,2025-09-15 14:18:00+00:00
1757946000000,1.55,1.55,1.55,1,1.55,500,1.55,2025-09-15 14:20:00+00:00
1757946120000,1.55,1.55,1.54,14,1.54,1040,1.541563,2025-09-15 14:22:00+00:00
1757947020000,1.555,1.57,1.555,6,1.57,8900,1.569326,2025-09-15 14:37:00+00:00
1757947800000,1.555,1.555,1.555,1,1.555,100,1.555,2025-09-15 14:50:00+00:00
1757948160000,1.55,1.55,1.55,1,1.55,100,1.55,2025-09-15 14:56:00+00:00
1757948220000,1.56,1.56,1.55,6,1.55,501,1.554,2025-09-15 14:57:00+00:00
1757948340000,1.55,1.55,1.55,1,1.55,300,1.55,2025-09-15 14:59:00+00:00
1757948520000,1.55,1.55,1.55,3,1.55,900,1.55,2025-09-15 15:02:00+00:00
1757948880000,1.555,1.555,1.555,1,1.555,100,1.555,2025-09-15 15:08:00+00:00
1757949180000,1.5558,1.5558,1.5558,1,1.5558,200,1.5558,2025-09-15 15:13:00+00:00
1757949480000,1.55,1.555,1.55,5,1.555,800,1.550714,2025-09-15 15:18:00+00:00
1757949660000,1.54,1.5401,1.54,3,1.5401,1300,1.540092,2025-09-15 15:21:00+00:00
1757949960000,1.545,1.545,1.545,2,1.545,200,1.545,2025-09-15 15:26:00+00:00
1757950140000,1.5436,1.5436,1.5436,1,1.5436,100,1.5436,2025-09-15 15:29:00+00:00
1757950980000,1.55,1.55,1.55,1,1.55,100,1.55,2025-09-15 15:43:00+00:00
1757951160000,1.545,1.55,1.545,4,1.55,400,1.5475,2025-09-15 15:46:00+00:00
1757951220000,1.545,1.545,1.545,4,1.545,400,1.545,2025-09-15 15:47:00+00:00
1757951280000,1.55,1.55,1.55,1,1.55,200,1.55,2025-09-15 15:48:00+00:00
1757951820000,1.55,1.55,1.55,1,1.55,100,1.55,2025-09-15 15:57:00+00:00
1757952360000,1.55,1.55,1.55,1,1.55,100,1.55,2025-09-15 16:06:00+00:00
1757952420000,1.5463,1.55,1.5463,8,1.55,815,1.548414,2025-09-15 16:07:00+00:00
1757952840000,1.555,1.555,1.555,2,1.555,105,1.555,2025-09-15 16:14:00+00:00
1757953560000,1.57,1.57,1.57,1,1.57,100,1.57,2025-09-15 16:26:00+00:00
1757954100000,1.56,1.56,1.56,5,1.56,286,1.56,2025-09-15 16:35:00+00:00
1757954520000,1.56,1.56,1.56,1,1.56,100,1.56,2025-09-15 16:42:00+00:00
1757954880000,1.5402,1.5402,1.5402,1,1.5402,3500,1.5402,2025-09-15 16:48:00+00:00
1757955120000,1.56,1.56,1.56,1,1.56,100,1.56,2025-09-15 16:52:00+00:00
1757955720000,1.56,1.56,1.56,1,1.56,100,1.56,2025-09-15 17:02:00+00:00
1757955900000,1.54,1.55,1.54,9,1.55,524,1.545868,2025-09-15 17:05:00+00:00
1757956380000,1.56,1.56,1.56,1,1.56,100,1.56,2025-09-15 17:13:00+00:00
1757957040000,1.56,1.56,1.55,3,1.55,677,1.551667,2025-09-15 17:24:00+00:00
1757957340000,1.56,1.56,1.56,3,1.56,300,1.56,2025-09-15 17:29:00+00:00
1757958180000,1.57,1.57,1.57,6,1.57,1129,1.57,2025-09-15 17:43:00+00:00
1757958360000,1.575,1.575,1.575,1,1.575,400,1.575,2025-09-15 17:46:00+00:00
1757958480000,1.575,1.575,1.575,1,1.575,100,1.575,2025-09-15 17:48:00+00:00
1757958780000,1.59,1.59,1.59,1,1.59,100,1.59,2025-09-15 17:53:00+00:00
1757959200000,1.5698,1.5698,1.5698,1,1.5698,800,1.5698,2025-09-15 18:00:00+00:00
1757959800000,1.56,1.56,1.56,1,1.56,100,1.56,2025-09-15 18:10:00+00:00
1757960160000,1.55,1.565,1.55,10,1.565,10845,1.554288,2025-09-15 18:16:00+00:00
1757960520000,1.56,1.56,1.56,1,1.56,100,1.56,2025-09-15 18:22:00+00:00
1757960580000,1.55,1.56,1.55,3,1.555,400,1.55625,2025-09-15 18:23:00+00:00
1757961000000,1.55,1.555,1.55,8,1.555,11271,1.550425,2025-09-15 18:30:00+00:00
1757961360000,1.54,1.54,1.54,1,1.54,100,1.54,2025-09-15 18:36:00+00:00
1757961540000,1.5444,1.5444,1.5444,2,1.5444,3003,1.5444,2025-09-15 18:39:00+00:00
1757961600000,1.55,1.55,1.545,19,1.545,5800,1.549214,2025-09-15 18:40:00+00:00
1757962320000,1.565,1.565,1.565,1,1.565,500,1.565,2025-09-15 18:52:00+00:00
1757962380000,1.57,1.57,1.565,5,1.565,412,1.56875,2025-09-15 18:53:00+00:00
1757963340000,1.57,1.57,1.555,2,1.555,200,1.5625,2025-09-15 19:09:00+00:00
1757963760000,1.56,1.56,1.56,2,1.56,115,1.56,2025-09-15 19:16:00+00:00
1757964240000,1.57,1.57,1.5563,2,1.5563,600,1.558583,2025-09-15 19:24:00+00:00
1757964600000,1.55,1.55,1.55,2,1.55,200,1.55,2025-09-15 19:30:00+00:00
1757964720000,1.56,1.56,1.56,2,1.56,125,1.56,2025-09-15 19:32:00+00:00
1757965380000,1.55,1.556,1.55,5,1.55,1207,1.555,2025-09-15 19:43:00+00:00
1757965500000,1.55,1.55,1.55,3,1.55,370,1.55,2025-09-15 19:45:00+00:00
1757965740000,1.56,1.56,1.56,5,1.56,640,1.56,2025-09-15 19:49:00+00:00
1757965860000,1.56,1.56,1.56,1,1.56,100,1.56,2025-09-15 19:51:00+00:00
1757966340000,1.56,1.56,1.54,35,1.55,2273,1.555013,2025-09-15 19:59:00+00:00
1758029400000,1.535,1.56,1.535,19,1.56,2874,1.550036,2025-09-16 13:30:00+00:00
1758029460000,1.5327,1.5327,1.5327,1,1.5327,221,1.5327,2025-09-16 13:31:00+00:00
1758029580000,1.546,1.546,1.546,1,1.546,100,1.546,2025-09-16 13:33:00+00:00
1758029700000,1.515,1.521,1.51,24,1.521,3533,1.518523,2025-09-16 13:35:00+00:00
1758029760000,1.49,1.51,1.49,27,1.51,7109,1.50805,2025-09-16 13:36:00+00:00
1758029820000,1.482,1.482,1.482,5,1.482,1142,1.482,2025-09-16 13:37:00+00:00
1758030060000,1.485,1.485,1.485,4,1.485,136,1.485,2025-09-16 13:41:00+00:00
1758030120000,1.46,1.48,1.45,28,1.48,2600,1.466167,2025-09-16 13:42:00+00:00
1758030180000,1.4754,1.4754,1.4754,1,1.4754,250,1.4754,2025-09-16 13:43:00+00:00
1758030240000,1.4479,1.46,1.44,7,1.46,1167,1.446681,2025-09-16 13:44:00+00:00
1758030300000,1.46,1.46,1.46,38,1.46,1616,1.46,2025-09-16 13:45:00+00:00
1758030360000,1.4771,1.4771,1.46,2,1.46,740,1.473865,2025-09-16 13:46:00+00:00
1758030540000,1.46,1.47,1.46,4,1.47,2073,1.469497,2025-09-16 13:49:00+00:00
1758030600000,1.46,1.46,1.46,2,1.46,121,1.46,2025-09-16 13:50:00+00:00
1758030720000,1.45,1.45,1.45,1,1.45,100,1.45,2025-09-16 13:52:00+00:00
1758030780000,1.4502,1.465,1.4502,7,1.465,847,1.45214,2025-09-16 13:53:00+00:00
1758030840000,1.45,1.45,1.45,1,1.45,100,1.45,2025-09-16 13:54:00+00:00
1758030900000,1.45,1.45,1.45,10,1.45,180,1.45,2025-09-16 13:55:00+00:00
1758031080000,1.4,1.44,1.4,81,1.44,13404,1.410065,2025-09-16 13:58:00+00:00
1758031140000,1.44,1.44,1.4,3,1.4,5700,1.404211,2025-09-16 13:59:00+00:00
1758031260000,1.41,1.45,1.41,21,1.44,2380,1.437654,2025-09-16 14:01:00+00:00
1758031380000,1.445,1.445,1.445,3,1.445,233,1.445,2025-09-16 14:03:00+00:00
1758031620000,1.41,1.44,1.41,8,1.44,1123,1.423206,2025-09-16 14:07:00+00:00
1758031680000,1.445,1.445,1.445,4,1.445,319,1.445,2025-09-16 14:08:00+00:00
1758031740000,1.43,1.43,1.43,1,1.43,2150,1.43,2025-09-16 14:09:00+00:00
1758031800000,1.4401,1.48,1.4401,3,1.445,450,1.458922,2025-09-16 14:10:00+00:00
1758031920000,1.44,1.44,1.44,5,1.44,244,1.44,2025-09-16 14:12:00+00:00
1758032100000,1.43,1.43,1.43,3,1.43,309,1.43,2025-09-16 14:15:00+00:00
1758032160000,1.42,1.42,1.42,3,1.42,1497,1.42,2025-09-16 14:16:00+00:00
1758032400000,1.42,1.42,1.42,2,1.42,2196,1.42,2025-09-16 14:20:00+00:00
1758032640000,1.4399,1.4399,1.4399,1,1.4399,200,1.4399,2025-09-16 14:24:00+00:00
1758032880000,1.42,1.42,1.42,1,1.42,100,1.42,2025-09-16 14:28:00+00:00
1758033000000,1.4392,1.4392,1.43,2,1.43,300,1.43368,2025-09-16 14:30:00+00:00
1758033120000,1.436,1.436,1.436,1,1.436,500,1.436,2025-09-16 14:32:00+00:00
1758033360000,1.43,1.43,1.43,1,1.43,500,1.43,2025-09-16 14:36:00+00:00
1758033900000,1.43,1.43,1.43,1,1.43,999,1.43,2025-09-16 14:45:00+00:00
1758034320000,1.4399,1.4399,1.4399,6,1.4399,5106,1.4399,2025-09-16 14:52:00+00:00
1758034380000,1.46,1.46,1.43,36,1.44,3740,1.437604,2025-09-16 14:53:00+00:00
1758034440000,1.46,1.46,1.45,3,1.45,1081,1.458106,2025-09-16 14:54:00+00:00
1758034500000,1.469,1.469,1.46,2,1.46,1842,1.464886,2025-09-16 14:55:00+00:00
1758034620000,1.46,1.46,1.46,2,1.46,1982,1.46,2025-09-16 14:57:00+00:00
1758035160000,1.4634,1.4634,1.4634,1,1.4634,175,1.4634,2025-09-16 15:06:00+00:00
1758035280000,1.46,1.46,1.46,1,1.46,200,1.46,2025-09-16 15:08:00+00:00
1758035760000,1.46,1.46,1.46,4,1.46,2006,1.46,2025-09-16 15:16:00+00:00
1758036060000,1.46,1.46,1.46,2,1.46,320,1.46,2025-09-16 15:21:00+00:00
1758036480000,1.44,1.44,1.44,1,1.44,3300,1.44,2025-09-16 15:28:00+00:00
1758036600000,1.443,1.443,1.443,1,1.443,500,1.443,2025-09-16 15:30:00+00:00
1758036720000,1.441,1.441,1.441,1,1.441,500,1.441,2025-09-16 15:32:00+00:00
1758036900000,1.48,1.48,1.48,1,1.48,200,1.48,2025-09-16 15:35:00+00:00
1758036960000,1.44,1.44,1.44,3,1.44,1004,1.44,2025-09-16 15:36:00+00:00
1758037380000,1.46,1.46,1.46,1,1.46,600,1.46,2025-09-16 15:43:00+00:00
1758037500000,1.4442,1.4442,1.4442,2,1.4442,1887,1.4442,2025-09-16 15:45:00+00:00
1758037980000,1.46,1.46,1.46,1,1.46,100,1.46,2025-09-16 15:53:00+00:00
1758038040000,1.46,1.46,1.46,1,1.46,550,1.46,2025-09-16 15:54:00+00:00
1758038520000,1.46,1.46,1.46,2,1.46,190,1.46,2025-09-16 16:02:00+00:00
1758038880000,1.46,1.46,1.46,4,1.46,400,1.46,2025-09-16 16:08:00+00:00
1758039480000,1.44,1.45,1.44,13,1.45,2521,1.441458,2025-09-16 16:18:00+00:00
1758039660000,1.44,1.44,1.44,1,1.44,100,1.44,2025-09-16 16:21:00+00:00
1758039780000,1.44,1.44,1.44,5,1.44,2541,1.44,2025-09-16 16:23:00+00:00
1758040320000,1.4463,1.4463,1.4463,1,1.4463,100,1.4463,2025-09-16 16:32:00+00:00
1758040860000,1.44,1.44,1.44,3,1.44,1404,1.44,2025-09-16 16:41:00+00:00
1758041040000,1.449,1.449,1.449,1,1.449,100,1.449,2025-09-16 16:44:00+00:00
1758041100000,1.445,1.445,1.445,4,1.445,494,1.445,2025-09-16 16:45:00+00:00
1758041280000,1.4457,1.4457,1.4457,2,1.4457,105,1.4457,2025-09-16 16:48:00+00:00
1758041520000,1.44,1.44,1.44,4,1.44,1710,1.44,2025-09-16 16:52:00+00:00
1758041700000,1.4399,1.4399,1.4399,1,1.4399,100,1.4399,2025-09-16 16:55:00+00:00
1758041760000,1.4399,1.4399,1.4399,2,1.4399,1589,1.4399,2025-09-16 16:56:00+00:00
1758042300000,1.435,1.435,1.4301,2,1.4301,1296,1.430478,2025-09-16 17:05:00+00:00
1758043260000,1.435,1.435,1.435,1,1.435,100,1.435,2025-09-16 17:21:00+00:00
1758043320000,1.4309,1.4309,1.4309,1,1.4309,177,1.4309,2025-09-16 17:22:00+00:00
1758043380000,1.4345,1.4345,1.4345,1,1.4345,500,1.4345,2025-09-16 17:23:00+00:00
1758043620000,1.4301,1.4301,1.4301,1,1.4301,109,1.4301,2025-09-16 17:27:00+00:00
1758043980000,1.4392,1.4392,1.4392,1,1.4392,150,1.4392,2025-09-16 17:33:00+00:00
1758044040000,1.43,1.43,1.43,1,1.43,100,1.43,2025-09-16 17:34:00+00:00
1758044640000,1.435,1.435,1.435,4,1.435,199,1.435,2025-09-16 17:44:00+00:00
1758045060000,1.4303,1.4303,1.4303,1,1.4303,500,1.4303,2025-09-16 17:51:00+00:00
1758045600000,1.43,1.4399,1.43,4,1.4399,5119,1.439706,2025-09-16 18:00:00+00:00
1758045660000,1.4393,1.4393,1.4393,1,1.4393,250,1.4393,2025-09-16 18:01:00+00:00
1758046080000,1.44,1.44,1.44,3,1.44,2005,1.44,2025-09-16 18:08:00+00:00
1758046740000,1.43,1.43,1.43,11,1.43,2132,1.43,2025-09-16 18:19:00+00:00
1758046920000,1.44,1.44,1.44,1,1.44,101,1.44,2025-09-16 18:22:00+00:00
1758048120000,1.435,1.435,1.435,2,1.435,200,1.435,2025-09-16 18:42:00+00:00
1758048180000,1.41,1.43,1.41,16,1.42,12110,1.417142,2025-09-16 18:43:00+00:00
1758048240000,1.41,1.4299,1.4,44,1.4299,5258,1.407629,2025-09-16 18:44:00+00:00
1758048300000,1.4037,1.4037,1.4037,1,1.4037,106,1.4037,2025-09-16 18:45:00+00:00
1758048420000,1.405,1.41,1.405,26,1.41,1046,1.407143,2025-09-16 18:47:00+00:00
1758048480000,1.405,1.405,1.405,23,1.405,1788,1.405,2025-09-16 18:48:00+00:00
1758048540000,1.4098,1.41,1.4098,5,1.41,740,1.4099,2025-09-16 18:49:00+00:00
1758048600000,1.4091,1.4091,1.4091,1,1.4091,125,1.4091,2025-09-16 18:50:00+00:00
1758048840000,1.405,1.405,1.405,1,1.405,100,1.405,2025-09-16 18:54:00+00:00
1758048900000,1.41,1.41,1.405,13,1.4092,1300,1.408,2025-09-16 18:55:00+00:00
1758049320000,1.4101,1.411,1.41,12,1.411,6010,1.410177,2025-09-16 19:02:00+00:00
1758049500000,1.41,1.41,1.41,1,1.41,1000,1.41,2025-09-16 19:05:00+00:00
1758049560000,1.4045,1.4045,1.4045,1,1.4045,100,1.4045,2025-09-16 19:06:00+00:00
1758049620000,1.38,1.4,1.38,52,1.4,11802,1.387525,2025-09-16 19:07:00+00:00
1758049680000,1.415,1.415,1.39,4,1.3939,717,1.396285,2025-09-16 19:08:00+00:00
1758050460000,1.4,1.4,1.4,1,1.4,100,1.4,2025-09-16 19:21:00+00:00
1758050580000,1.4,1.4,1.4,2,1.4,3603,1.4,2025-09-16 19:23:00+00:00
1758051660000,1.3902,1.3902,1.3902,2,1.3902,3506,1.3902,2025-09-16 19:41:00+00:00
1758051960000,1.4395,1.4395,1.4395,1,1.4395,1000,1.4395,2025-09-16 19:46:00+00:00
1758052560000,1.401,1.401,1.401,3,1.401,212,1.401,2025-09-16 19:56:00+00:00
1758052680000,1.3985,1.41,1.3985,13,1.41,1095,1.400827,2025-09-16 19:58:00+00:00
1758052740000,1.4,1.4,1.39,5,1.39,2009,1.395,2025-09-16 19:59:00+00:00
1758115800000,1.41,1.43,1.41,4,1.43,1455,1.42788,2025-09-17 13:30:00+00:00
1758116220000,1.4395,1.4395,1.4395,2,1.4395,259,1.4395,2025-09-17 13:37:00+00:00
1758116640000,1.425,1.425,1.425,1,1.425,111,1.425,2025-09-17 13:44:00+00:00
1758116820000,1.43,1.43,1.43,1,1.43,800,1.43,2025-09-17 13:47:00+00:00
1758117120000,1.43,1.43,1.43,1,1.43,200,1.43,2025-09-17 13:52:00+00:00
1758117780000,1.4107,1.4107,1.4107,2,1.4107,386,1.4107,2025-09-17 14:03:00+00:00
1758117840000,1.4,1.41,1.4,12,1.41,2268,1.405322,2025-09-17 14:04:00+00:00
1758117900000,1.4096,1.4096,1.4096,1,1.4096,2000,1.4096,2025-09-17 14:05:00+00:00
1758118080000,1.4,1.4,1.4,1,1.4,500,1.4,2025-09-17 14:08:00+00:00
1758118740000,1.385,1.385,1.385,2,1.385,120,1.385,2025-09-17 14:19:00+00:00
1758118800000,1.3845,1.3845,1.3845,2,1.3845,217,1.3845,2025-09-17 14:20:00+00:00
1758119160000,1.3801,1.3801,1.3801,1,1.3801,154,1.3801,2025-09-17 14:26:00+00:00
1758119460000,1.3899,1.3899,1.3899,1,1.3899,155,1.3899,2025-09-17 14:31:00+00:00
1758119700000,1.385,1.385,1.385,1,1.385,150,1.385,2025-09-17 14:35:00+00:00
1758119760000,1.39,1.39,1.385,16,1.385,1202,1.388333,2025-09-17 14:36:00+00:00
1758119820000,1.3863,1.3863,1.3863,2,1.3863,177,1.3863,2025-09-17 14:37:00+00:00
1758119880000,1.39,1.39,1.39,1,1.39,750,1.39,2025-09-17 14:38:00+00:00
1758119940000,1.4,1.4,1.4,1,1.4,172,1.4,2025-09-17 14:39:00+00:00
1758120060000,1.3987,1.3987,1.3987,1,1.3987,1000,1.3987,2025-09-17 14:41:00+00:00
1758120480000,1.38,1.38,1.38,1,1.38,250,1.38,2025-09-17 14:48:00+00:00
1758120780000,1.4,1.4,1.4,1,1.4,700,1.4,2025-09-17 14:53:00+00:00
1758121200000,1.3999,1.3999,1.3999,2,1.3999,2005,1.3999,2025-09-17 15:00:00+00:00
1758121980000,1.4,1.4,1.4,1,1.4,100,1.4,2025-09-17 15:13:00+00:00
1758122040000,1.4,1.4,1.39,8,1.4,4000,1.397,2025-09-17 15:14:00+00:00
1758122580000,1.3946,1.3946,1.3946,1,1.3946,200,1.3946,2025-09-17 15:23:00+00:00
1758122760000,1.41,1.41,1.3935,15,1.4,1714,1.398687,2025-09-17 15:26:00+00:00
1758122820000,1.4175,1.4175,1.4175,3,1.4175,110,1.4175,2025-09-17 15:27:00+00:00
1758124140000,1.43,1.43,1.43,2,1.43,102,1.43,2025-09-17 15:49:00+00:00
1758127140000,1.4,1.4,1.4,2,1.4,112,1.4,2025-09-17 16:39:00+00:00
1758127260000,1.4002,1.4166,1.391,9,1.4166,2573,1.399251,2025-09-17 16:41:00+00:00
1758127440000,1.3985,1.3985,1.3985,1,1.3985,500,1.3985,2025-09-17 16:44:00+00:00
1758127560000,1.38,1.38,1.38,2,1.38,331,1.38,2025-09-17 16:46:00+00:00
1758128340000,1.39,1.39,1.39,4,1.39,360,1.39,2025-09-17 16:59:00+00:00
1758128460000,1.4,1.4,1.4,1,1.4,200,1.4,2025-09-17 17:01:00+00:00
1758128700000,1.4,1.4,1.4,1,1.4,200,1.4,2025-09-17 17:05:00+00:00
1758128880000,1.3802,1.3802,1.3802,1,1.3802,1999,1.3802,2025-09-17 17:08:00+00:00
1758129060000,1.4,1.4,1.39,8,1.3964,1030,1.39685,2025-09-17 17:11:00+00:00
1758130140000,1.39,1.399,1.39,21,1.399,7327,1.395245,2025-09-17 17:29:00+00:00
1758130800000,1.4,1.4,1.4,1,1.4,1880,1.4,2025-09-17 17:40:00+00:00
1758132720000,1.389,1.389,1.389,2,1.389,180,1.389,2025-09-17 18:12:00+00:00
1758132960000,1.39,1.39,1.39,1,1.39,100,1.39,2025-09-17 18:16:00+00:00
1758133140000,1.39,1.39,1.39,2,1.39,126,1.39,2025-09-17 18:19:00+00:00
1758133620000,1.39,1.39,1.39,2,1.39,125,1.39,2025-09-17 18:27:00+00:00
1758133800000,1.39,1.3924,1.39,6,1.39,654,1.390382,2025-09-17 18:30:00+00:00
1758133860000,1.39,1.39,1.39,1,1.39,100,1.39,2025-09-17 18:31:00+00:00
1758133920000,1.39,1.39,1.39,2,1.39,200,1.39,2025-09-17 18:32:00+00:00
1758134520000,1.39,1.39,1.39,7,1.39,820,1.39,2025-09-17 18:42:00+00:00
1758134700000,1.39,1.39,1.39,1,1.39,100,1.39,2025-09-17 18:45:00+00:00
1758135600000,1.3845,1.385,1.3845,4,1.385,586,1.3846,2025-09-17 19:00:00+00:00
1758135900000,1.39,1.39,1.3899,8,1.3899,1420,1.389911,2025-09-17 19:05:00+00:00
1758136920000,1.3802,1.3802,1.3802,1,1.3802,105,1.3802,2025-09-17 19:22:00+00:00
1758137580000,1.39,1.39,1.39,1,1.39,100,1.39,2025-09-17 19:33:00+00:00
1758137640000,1.395,1.3982,1.395,2,1.3982,1105,1.397896,2025-09-17 19:34:00+00:00
1758138000000,1.4177,1.4177,1.4,15,1.4,10769,1.401674,2025-09-17 19:40:00+00:00
1758138600000,1.405,1.405,1.405,4,1.405,407,1.405,2025-09-17 19:50:00+00:00
1758138720000,1.4071,1.4071,1.4071,1,1.4071,580,1.4071,2025-09-17 19:52:00+00:00
1758138780000,1.405,1.405,1.405,2,1.405,300,1.405,2025-09-17 19:53:00+00:00
1758138900000,1.405,1.405,1.405,1,1.405,100,1.405,2025-09-17 19:55:00+00:00
1758138960000,1.405,1.405,1.405,2,1.405,203,1.405,2025-09-17 19:56:00+00:00
1758139020000,1.405,1.405,1.4,3,1.4,203,1.4025,2025-09-17 19:57:00+00:00
1758139080000,1.41,1.41,1.41,2,1.41,193,1.41,2025-09-17 19:58:00+00:00
1758139140000,1.395,1.4,1.395,8,1.398,1385,1.397692,2025-09-17 19:59:00+00:00
1758139200000,1.39,1.39,1.39,1,1.39,732,1.39,2025-09-17 20:00:00+00:00
1758202200000,1.41,1.46,1.41,19,1.42,1596,1.425719,2025-09-18 13:30:00+00:00
1758202740000,1.39,1.4,1.39,4,1.4,1433,1.390739,2025-09-18 13:39:00+00:00
1758202800000,1.3912,1.3912,1.3912,1,1.3912,100,1.3912,2025-09-18 13:40:00+00:00
1758203040000,1.405,1.405,1.4,4,1.4,500,1.401,2025-09-18 13:44:00+00:00
1758203160000,1.4099,1.4099,1.4099,3,1.4099,320,1.4099,2025-09-18 13:46:00+00:00
1758204240000,1.4,1.4,1.4,1,1.4,100,1.4,2025-09-18 14:04:00+00:00
1758204420000,1.406,1.406,1.406,1,1.406,500,1.406,2025-09-18 14:07:00+00:00
1758205080000,1.4,1.4,1.4,1,1.4,7546,1.4,2025-09-18 14:18:00+00:00
1758205260000,1.405,1.405,1.405,1,1.405,100,1.405,2025-09-18 14:21:00+00:00
1758206640000,1.4006,1.4006,1.4006,1,1.4006,200,1.4006,2025-09-18 14:44:00+00:00
1758206820000,1.4,1.4,1.4,2,1.4,125,1.4,2025-09-18 14:47:00+00:00
1758206880000,1.399,1.399,1.399,2,1.399,200,1.399,2025-09-18 14:48:00+00:00
1758206940000,1.4084,1.4084,1.4084,1,1.4084,100,1.4084,2025-09-18 14:49:00+00:00
1758208080000,1.4,1.4,1.4,2,1.4,200,1.4,2025-09-18 15:08:00+00:00
1758208140000,1.4099,1.4099,1.4099,3,1.4099,532,1.4099,2025-09-18 15:09:00+00:00
1758208380000,1.3998,1.3998,1.3998,1,1.3998,627,1.3998,2025-09-18 15:13:00+00:00
1758208500000,1.41,1.41,1.395,15,1.395,1705,1.400242,2025-09-18 15:15:00+00:00
1758208920000,1.395,1.4,1.395,2,1.4,200,1.3975,2025-09-18 15:22:00+00:00
1758209040000,1.3999,1.4,1.395,14,1.395,4437,1.397823,2025-09-18 15:24:00+00:00
1758211380000,1.396,1.396,1.396,2,1.396,569,1.396,2025-09-18 16:03:00+00:00
1758211560000,1.3928,1.3928,1.3928,1,1.3928,700,1.3928,2025-09-18 16:06:00+00:00
1758213180000,1.43,1.43,1.4199,20,1.4199,9734,1.42244,2025-09-18 16:33:00+00:00
1758213240000,1.43,1.4348,1.4249,10,1.43,5411,1.433601,2025-09-18 16:34:00+00:00
1758213480000,1.44,1.44,1.4249,16,1.4399,1809,1.438183,2025-09-18 16:38:00+00:00
1758214320000,1.45,1.45,1.45,3,1.45,932,1.45,2025-09-18 16:52:00+00:00
1758214380000,1.445,1.445,1.445,1,1.445,100,1.445,2025-09-18 16:53:00+00:00
1758215040000,1.4345,1.4345,1.4345,1,1.4345,238,1.4345,2025-09-18 17:04:00+00:00
1758215100000,1.445,1.445,1.445,1,1.445,108,1.445,2025-09-18 17:05:00+00:00
1758215220000,1.44,1.44,1.44,2,1.44,1659,1.44,2025-09-18 17:07:00+00:00
1758215340000,1.445,1.445,1.445,1,1.445,100,1.445,2025-09-18 17:09:00+00:00
1758215460000,1.44,1.44,1.44,2,1.44,138,1.44,2025-09-18 17:11:00+00:00
1758215520000,1.44,1.44,1.44,2,1.44,249,1.44,2025-09-18 17:12:00+00:00
1758215820000,1.4488,1.4499,1.44,12,1.44,7596,1.448582,2025-09-18 17:17:00+00:00
1758215880000,1.47,1.47,1.445,46,1.445,23678,1.451728,2025-09-18 17:18:00+00:00
1758216180000,1.485,1.485,1.485,1,1.485,211,1.485,2025-09-18 17:23:00+00:00
1758216480000,1.465,1.465,1.465,1,1.465,200,1.465,2025-09-18 17:28:00+00:00
1758216660000,1.47,1.47,1.47,1,1.47,524,1.47,2025-09-18 17:31:00+00:00
1758216720000,1.48,1.48,1.48,5,1.48,202,1.48,2025-09-18 17:32:00+00:00
1758216780000,1.5,1.5,1.5,11,1.5,1206,1.5,2025-09-18 17:33:00+00:00
1758216840000,1.5,1.5,1.5,1,1.5,2000,1.5,2025-09-18 17:34:00+00:00
1758216960000,1.49,1.49,1.49,5,1.49,1080,1.49,2025-09-18 17:36:00+00:00
1758217020000,1.5,1.5,1.5,6,1.5,3999,1.5,2025-09-18 17:37:00+00:00
1758217080000,1.5,1.5,1.5,2,1.5,106,1.5,2025-09-18 17:38:00+00:00
1758217260000,1.51,1.51,1.51,1,1.51,102,1.51,2025-09-18 17:41:00+00:00
1758217380000,1.5,1.5,1.5,1,1.5,100,1.5,2025-09-18 17:43:00+00:00
1758217980000,1.5,1.5,1.5,4,1.5,506,1.5,2025-09-18 17:53:00+00:00
1758218160000,1.51,1.51,1.51,2,1.51,669,1.51,2025-09-18 17:56:00+00:00
1758218220000,1.51,1.51,1.495,3,1.495,308,1.505,2025-09-18 17:57:00+00:00
1758218280000,1.5096,1.5096,1.5096,1,1.5096,100,1.5096,2025-09-18 17:58:00+00:00
1758218700000,1.51,1.51,1.5098,3,1.5098,669,1.509867,2025-09-18 18:05:00+00:00
1758218760000,1.495,1.495,1.495,1,1.495,120,1.495,2025-09-18 18:06:00+00:00
1758219060000,1.495,1.495,1.495,1,1.495,550,1.495,2025-09-18 18:11:00+00:00
1758219180000,1.5,1.5,1.5,1,1.5,600,1.5,2025-09-18 18:13:00+00:00
1758219300000,1.51,1.51,1.51,1,1.51,288,1.51,2025-09-18 18:15:00+00:00
1758219360000,1.51,1.51,1.51,11,1.51,1001,1.51,2025-09-18 18:16:00+00:00
1758219480000,1.5098,1.51,1.5,17,1.51,1455,1.507716,2025-09-18 18:18:00+00:00
1758219540000,1.51,1.51,1.51,4,1.51,290,1.51,2025-09-18 18:19:00+00:00
1758219960000,1.51,1.52,1.51,10,1.51,1250,1.515047,2025-09-18 18:26:00+00:00
1758220200000,1.51,1.51,1.51,1,1.51,1940,1.51,2025-09-18 18:30:00+00:00
1758220380000,1.5182,1.5182,1.5182,1,1.5182,2000,1.5182,2025-09-18 18:33:00+00:00
1758220560000,1.51,1.51,1.51,1,1.51,2500,1.51,2025-09-18 18:36:00+00:00
1758220680000,1.51,1.51,1.51,7,1.51,865,1.51,2025-09-18 18:38:00+00:00
1758220740000,1.5,1.5,1.5,2,1.5,596,1.5,2025-09-18 18:39:00+00:00
1758220800000,1.5,1.5,1.5,1,1.5,100,1.5,2025-09-18 18:40:00+00:00
1758220860000,1.5,1.5,1.5,1,1.5,100,1.5,2025-09-18 18:41:00+00:00
1758220920000,1.5,1.5,1.5,1,1.5,100,1.5,2025-09-18 18:42:00+00:00
1758220980000,1.5009,1.5009,1.5009,1,1.5009,200,1.5009,2025-09-18 18:43:00+00:00
1758221160000,1.51,1.51,1.51,1,1.51,250,1.51,2025-09-18 18:46:00+00:00
1758221460000,1.5089,1.5089,1.5089,1,1.5089,500,1.5089,2025-09-18 18:51:00+00:00
1758221640000,1.5,1.505,1.5,7,1.5,1725,1.500625,2025-09-18 18:54:00+00:00
1758221700000,1.5,1.5,1.49,8,1.49,718,1.498106,2025-09-18 18:55:00+00:00
1758221880000,1.51,1.51,1.51,1,1.51,2240,1.51,2025-09-18 18:58:00+00:00
1758221940000,1.51,1.51,1.51,1,1.51,1500,1.51,2025-09-18 18:59:00+00:00
1758222060000,1.5,1.5,1.5,2,1.5,101,1.5,2025-09-18 19:01:00+00:00
1758222240000,1.51,1.51,1.51,5,1.51,417,1.51,2025-09-18 19:04:00+00:00
1758222300000,1.52,1.52,1.52,4,1.52,131,1.52,2025-09-18 19:05:00+00:00
1758222420000,1.5274,1.5274,1.5274,1,1.5274,100,1.5274,2025-09-18 19:07:00+00:00
1758222480000,1.53,1.54,1.53,11,1.53,2600,1.5366,2025-09-18 19:08:00+00:00
1758222600000,1.53,1.53,1.53,4,1.53,220,1.53,2025-09-18 19:10:00+00:00
1758222660000,1.53,1.55,1.53,2,1.55,2250,1.549111,2025-09-18 19:11:00+00:00
1758222720000,1.53,1.53,1.53,1,1.53,140,1.53,2025-09-18 19:12:00+00:00
1758222780000,1.53,1.54,1.53,12,1.5347,5239,1.533927,2025-09-18 19:13:00+00:00
1758222840000,1.53,1.54,1.53,4,1.54,855,1.535322,2025-09-18 19:14:00+00:00
1758222960000,1.5306,1.5306,1.5306,1,1.5306,100,1.5306,2025-09-18 19:16:00+00:00
1758223140000,1.54,1.54,1.54,6,1.54,868,1.54,2025-09-18 19:19:00+00:00
1758223200000,1.53,1.53,1.53,4,1.53,691,1.53,2025-09-18 19:20:00+00:00
1758223380000,1.53,1.53,1.53,1,1.53,150,1.53,2025-09-18 19:23:00+00:00
1758223440000,1.53,1.53,1.525,3,1.525,323,1.528125,2025-09-18 19:24:00+00:00
1758223500000,1.51,1.53,1.51,2,1.53,600,1.526667,2025-09-18 19:25:00+00:00
1758223740000,1.53,1.53,1.53,2,1.53,102,1.53,2025-09-18 19:29:00+00:00
1758223800000,1.53,1.53,1.53,4,1.53,192,1.53,2025-09-18 19:30:00+00:00
1758223860000,1.52,1.52,1.52,2,1.52,280,1.52,2025-09-18 19:31:00+00:00
1758224100000,1.5201,1.5201,1.5201,2,1.5201,1300,1.5201,2025-09-18 19:35:00+00:00
1758224160000,1.5216,1.5216,1.5216,1,1.5216,400,1.5216,2025-09-18 19:36:00+00:00
1758224220000,1.52,1.525,1.52,8,1.525,1665,1.520633,2025-09-18 19:37:00+00:00
1758224400000,1.53,1.53,1.5198,5,1.5198,900,1.521067,2025-09-18 19:40:00+00:00
1758224520000,1.5213,1.5213,1.5213,1,1.5213,1500,1.5213,2025-09-18 19:42:00+00:00
1758224940000,1.53,1.53,1.53,1,1.53,100,1.53,2025-09-18 19:49:00+00:00
1758225000000,1.53,1.53,1.52,24,1.53,1726,1.524823,2025-09-18 19:50:00+00:00
1758225060000,1.5303,1.5303,1.5303,1,1.5303,1225,1.5303,2025-09-18 19:51:00+00:00
1758225180000,1.54,1.54,1.54,1,1.54,500,1.54,2025-09-18 19:53:00+00:00
1758225300000,1.54,1.54,1.54,1,1.54,100,1.54,2025-09-18 19:55:00+00:00
1758225360000,1.535,1.535,1.535,2,1.535,110,1.535,2025-09-18 19:56:00+00:00
1758225420000,1.55,1.55,1.535,45,1.535,634,1.54125,2025-09-18 19:57:00+00:00
1758225480000,1.55,1.55,1.545,7,1.55,610,1.548333,2025-09-18 19:58:00+00:00
1758225540000,1.55,1.55,1.545,14,1.55,1716,1.54903,2025-09-18 19:59:00+00:00
1758225600000,1.55,1.55,1.55,1,1.55,1463,1.55,2025-09-18 20:00:00+00:00
1758288600000,1.55,1.55,1.55,5,1.55,1592,1.55,2025-09-19 13:30:00+00:00
1758288780000,1.53,1.53,1.53,3,1.53,338,1.53,2025-09-19 13:33:00+00:00
1758288900000,1.55,1.55,1.5447,8,1.5447,2993,1.549159,2025-09-19 13:35:00+00:00
1758289140000,1.5632,1.5632,1.5632,3,1.5632,278,1.5632,2025-09-19 13:39:00+00:00
1758289200000,1.5599,1.56,1.5599,2,1.56,600,1.559983,2025-09-19 13:40:00+00:00
1758289260000,1.56,1.56,1.555,7,1.555,899,1.558125,2025-09-19 13:41:00+00:00
1758289320000,1.5899,1.5899,1.5603,3,1.5603,405,1.570167,2025-09-19 13:42:00+00:00
1758289620000,1.5773,1.5773,1.5773,1,1.5773,200,1.5773,2025-09-19 13:47:00+00:00
1758289740000,1.56,1.56,1.56,1,1.56,175,1.56,2025-09-19 13:49:00+00:00
1758289800000,1.57,1.57,1.57,1,1.57,100,1.57,2025-09-19 13:50:00+00:00
1758290760000,1.55,1.55,1.55,1,1.55,100,1.55,2025-09-19 14:06:00+00:00
1758290820000,1.55,1.55,1.55,21,1.55,2697,1.55,2025-09-19 14:07:00+00:00
1758290940000,1.56,1.56,1.56,1,1.56,646,1.56,2025-09-19 14:09:00+00:00
1758291180000,1.555,1.555,1.555,1,1.555,100,1.555,2025-09-19 14:13:00+00:00
1758291540000,1.52,1.54,1.52,2,1.54,300,1.533333,2025-09-19 14:19:00+00:00
1758291600000,1.52,1.52,1.52,1,1.52,100,1.52,2025-09-19 14:20:00+00:00
1758291840000,1.5064,1.5064,1.5064,1,1.5064,175,1.5064,2025-09-19 14:24:00+00:00
1758291900000,1.5268,1.5289,1.521,9,1.521,10130,1.525717,2025-09-19 14:25:00+00:00
1758291960000,1.5216,1.5216,1.5216,1,1.5216,100,1.5216,2025-09-19 14:26:00+00:00
1758292260000,1.5201,1.53,1.52,16,1.5202,3046,1.522357,2025-09-19 14:31:00+00:00
1758292320000,1.52,1.52,1.512,4,1.52,669,1.517988,2025-09-19 14:32:00+00:00
1758293340000,1.52,1.52,1.52,4,1.52,510,1.52,2025-09-19 14:49:00+00:00
1758293820000,1.51,1.51,1.51,4,1.51,1202,1.51,2025-09-19 14:57:00+00:00
1758294300000,1.5099,1.51,1.505,11,1.505,2752,1.507972,2025-09-19 15:05:00+00:00
1758296280000,1.52,1.52,1.52,2,1.52,2245,1.52,2025-09-19 15:38:00+00:00
1758298020000,1.52,1.52,1.52,2,1.52,1005,1.52,2025-09-19 16:07:00+00:00
1758299040000,1.525,1.525,1.525,1,1.525,1000,1.525,2025-09-19 16:24:00+00:00
1758299580000,1.5,1.5,1.5,1,1.5,666,1.5,2025-09-19 16:33:00+00:00
1758302100000,1.535,1.535,1.535,1,1.535,130,1.535,2025-09-19 17:15:00+00:00
1758303480000,1.52,1.53,1.52,6,1.53,2317,1.521821,2025-09-19 17:38:00+00:00
1758304500000,1.53,1.53,1.51,24,1.51,2400,1.522,2025-09-19 17:55:00+00:00
1758304620000,1.55,1.55,1.55,1,1.55,120,1.55,2025-09-19 17:57:00+00:00
1758304740000,1.55,1.55,1.55,1,1.55,100,1.55,2025-09-19 17:59:00+00:00
1758304980000,1.55,1.55,1.55,9,1.55,1273,1.55,2025-09-19 18:03:00+00:00
1758305700000,1.55,1.55,1.55,2,1.55,200,1.55,2025-09-19 18:15:00+00:00
1758306600000,1.54,1.54,1.54,15,1.54,2900,1.54,2025-09-19 18:30:00+00:00
1758306660000,1.54,1.54,1.54,1,1.54,100,1.54,2025-09-19 18:31:00+00:00
1758306840000,1.54,1.54,1.54,1,1.54,100,1.54,2025-09-19 18:34:00+00:00
1758307440000,1.55,1.55,1.55,8,1.55,530,1.55,2025-09-19 18:44:00+00:00
1758307500000,1.53,1.53,1.53,5,1.53,901,1.53,2025-09-19 18:45:00+00:00
1758307800000,1.55,1.55,1.55,5,1.55,420,1.55,2025-09-19 18:50:00+00:00
1758308220000,1.55,1.55,1.55,33,1.55,1138,1.55,2025-09-19 18:57:00+00:00
1758309120000,1.511,1.58,1.511,7,1.58,425,1.557,2025-09-19 19:12:00+00:00
1758309180000,1.58,1.58,1.58,2,1.58,125,1.58,2025-09-19 19:13:00+00:00
1758311280000,1.56,1.56,1.5124,3,1.5124,3698,1.514332,2025-09-19 19:48:00+00:00
1758311520000,1.54,1.54,1.54,6,1.54,271,1.54,2025-09-19 19:52:00+00:00
1758311760000,1.53,1.53,1.53,9,1.53,669,1.53,2025-09-19 19:56:00+00:00
1758311880000,1.55,1.55,1.55,1,1.55,130,1.55,2025-09-19 19:58:00+00:00
1758311940000,1.55,1.57,1.54,29,1.55,9439,1.560237,2025-09-19 19:59:00+00:00
1758312000000,1.57,1.57,1.57,1,1.57,2277,1.57,2025-09-19 20:00:00+00:00
1758547800000,1.57,1.6,1.55,49,1.55,20374,1.55647,2025-09-22 13:30:00+00:00
1758547860000,1.57,1.57,1.56,11,1.57,9326,1.56487,2025-09-22 13:31:00+00:00
1758547920000,1.58,1.58,1.568,16,1.568,9072,1.573266,2025-09-22 13:32:00+00:00
1758547980000,1.571,1.5798,1.57,22,1.575,4922,1.573262,2025-09-22 13:33:00+00:00
1758548040000,1.57,1.5751,1.57,11,1.5751,1554,1.570717,2025-09-22 13:34:00+00:00
1758548100000,1.56,1.575,1.56,69,1.57,5215,1.56738,2025-09-22 13:35:00+00:00
1758548160000,1.5401,1.56,1.5401,21,1.555,5692,1.551703,2025-09-22 13:36:00+00:00
1758548220000,1.56,1.5657,1.5407,61,1.5499,24099,1.55691,2025-09-22 13:37:00+00:00
1758548280000,1.5598,1.5599,1.55,9,1.55,4842,1.558477,2025-09-22 13:38:00+00:00
1758548340000,1.552,1.56,1.55,21,1.5512,3349,1.557075,2025-09-22 13:39:00+00:00
1758548400000,1.545,1.56,1.545,18,1.55,5596,1.55248,2025-09-22 13:40:00+00:00
1758548460000,1.54,1.545,1.54,36,1.5437,31569,1.540296,2025-09-22 13:41:00+00:00
1758548520000,1.5451,1.5451,1.545,10,1.545,8707,1.545089,2025-09-22 13:42:00+00:00
1758548580000,1.53,1.545,1.52,35,1.54,26301,1.536689,2025-09-22 13:43:00+00:00
1758548640000,1.5006,1.525,1.5,62,1.52,23866,1.512907,2025-09-22 13:44:00+00:00
1758548700000,1.52,1.52,1.5009,78,1.5009,23669,1.514061,2025-09-22 13:45:00+00:00
1758548760000,1.52,1.52,1.5102,28,1.5188,4861,1.518401,2025-09-22 13:46:00+00:00
1758548820000,1.515,1.5299,1.51,31,1.5251,4466,1.517738,2025-09-22 13:47:00+00:00
1758548880000,1.5108,1.52,1.5108,5,1.52,1982,1.515642,2025-09-22 13:48:00+00:00
1758548940000,1.5165,1.52,1.51,4,1.52,842,1.516333,2025-09-22 13:49:00+00:00
1758549000000,1.51,1.5102,1.51,20,1.5102,14083,1.510029,2025-09-22 13:50:00+00:00
1758549060000,1.475,1.5,1.47,43,1.5,26290,1.496752,2025-09-22 13:51:00+00:00
1758549120000,1.4633,1.48,1.4633,43,1.48,14400,1.471532,2025-09-22 13:52:00+00:00
1758549180000,1.4712,1.48,1.465,66,1.47,16767,1.474142,2025-09-22 13:53:00+00:00
1758549240000,1.475,1.475,1.47,10,1.475,4315,1.471476,2025-09-22 13:54:00+00:00
1758549300000,1.46,1.4736,1.46,28,1.47,3527,1.469759,2025-09-22 13:55:00+00:00
1758549360000,1.465,1.47,1.46,39,1.465,8417,1.466228,2025-09-22 13:56:00+00:00
1758549420000,1.461,1.465,1.46,13,1.46,1358,1.461255,2025-09-22 13:57:00+00:00
1758549480000,1.465,1.47,1.4602,15,1.4602,9537,1.468315,2025-09-22 13:58:00+00:00
1758549540000,1.46,1.475,1.46,32,1.465,6378,1.469244,2025-09-22 13:59:00+00:00
1758549600000,1.485,1.49,1.465,110,1.47,15676,1.477293,2025-09-22 14:00:00+00:00
1758549660000,1.51,1.515,1.485,90,1.49,13972,1.497468,2025-09-22 14:01:00+00:00
1758549720000,1.5089,1.51,1.5089,10,1.51,2540,1.509836,2025-09-22 14:02:00+00:00
1758549780000,1.51,1.51,1.505,33,1.51,4885,1.509433,2025-09-22 14:03:00+00:00
1758549840000,1.515,1.52,1.515,4,1.52,1400,1.517814,2025-09-22 14:04:00+00:00
1758549900000,1.5199,1.52,1.5199,5,1.52,6032,1.519908,2025-09-22 14:05:00+00:00
1758549960000,1.51,1.51,1.51,20,1.51,2256,1.51,2025-09-22 14:06:00+00:00
1758550020000,1.4888,1.5,1.48,27,1.5,7213,1.484056,2025-09-22 14:07:00+00:00
1758550080000,1.4888,1.49,1.4888,5,1.49,320,1.4892,2025-09-22 14:08:00+00:00
1758550140000,1.49,1.49,1.489,9,1.489,3847,1.489408,2025-09-22 14:09:00+00:00
1758550200000,1.485,1.485,1.485,1,1.485,1000,1.485,2025-09-22 14:10:00+00:00
1758550260000,1.49,1.49,1.48,2,1.48,6247,1.489782,2025-09-22 14:11:00+00:00
1758550320000,1.5,1.5,1.48,53,1.4897,9835,1.488182,2025-09-22 14:12:00+00:00
1758550380000,1.495,1.495,1.495,1,1.495,100,1.495,2025-09-22 14:13:00+00:00
1758550440000,1.52,1.52,1.5,47,1.5,6522,1.510326,2025-09-22 14:14:00+00:00
1758550500000,1.528,1.528,1.52,28,1.525,3171,1.521997,2025-09-22 14:15:00+00:00
1758550560000,1.5198,1.5198,1.5198,2,1.5198,950,1.5198,2025-09-22 14:16:00+00:00
1758550620000,1.52,1.52,1.515,7,1.515,734,1.517143,2025-09-22 14:17:00+00:00
1758550800000,1.51,1.525,1.51,73,1.52,7675,1.518552,2025-09-22 14:20:00+00:00
1758550860000,1.505,1.505,1.505,1,1.505,100,1.505,2025-09-22 14:21:00+00:00
1758550920000,1.515,1.52,1.505,17,1.505,3685,1.515399,2025-09-22 14:22:00+00:00
1758550980000,1.515,1.515,1.515,3,1.515,273,1.515,2025-09-22 14:23:00+00:00
1758551040000,1.5201,1.53,1.515,66,1.52,7537,1.526305,2025-09-22 14:24:00+00:00
1758551160000,1.525,1.525,1.525,2,1.525,200,1.525,2025-09-22 14:26:00+00:00
1758551220000,1.53,1.53,1.53,2,1.53,110,1.53,2025-09-22 14:27:00+00:00
1758551340000,1.5276,1.5276,1.5276,1,1.5276,100,1.5276,2025-09-22 14:29:00+00:00
1758551460000,1.525,1.525,1.525,3,1.525,182,1.525,2025-09-22 14:31:00+00:00
1758551520000,1.525,1.525,1.52,6,1.52,827,1.524375,2025-09-22 14:32:00+00:00
1758551640000,1.525,1.525,1.52,57,1.5247,7921,1.520147,2025-09-22 14:34:00+00:00
1758551700000,1.525,1.525,1.525,11,1.525,531,1.525,2025-09-22 14:35:00+00:00
1758551820000,1.53,1.53,1.525,25,1.525,2698,1.528982,2025-09-22 14:37:00+00:00
1758551880000,1.53,1.54,1.53,70,1.54,4840,1.539649,2025-09-22 14:38:00+00:00
1758551940000,1.53,1.53,1.53,1,1.53,500,1.53,2025-09-22 14:39:00+00:00
1758552000000,1.525,1.525,1.525,4,1.525,228,1.525,2025-09-22 14:40:00+00:00
1758552120000,1.525,1.53,1.521,5,1.5272,610,1.526733,2025-09-22 14:42:00+00:00
1758552180000,1.5169,1.525,1.5169,17,1.525,753,1.5197,2025-09-22 14:43:00+00:00
1758552240000,1.5199,1.5199,1.5199,8,1.5199,1214,1.5199,2025-09-22 14:44:00+00:00
1758552300000,1.525,1.525,1.515,86,1.52,13103,1.519813,2025-09-22 14:45:00+00:00
1758552360000,1.53,1.53,1.53,11,1.53,607,1.53,2025-09-22 14:46:00+00:00
1758552480000,1.54,1.55,1.5271,35,1.5271,4133,1.535702,2025-09-22 14:48:00+00:00
1758552540000,1.5471,1.555,1.5471,44,1.55,3016,1.550088,2025-09-22 14:49:00+00:00
1758552600000,1.54,1.54,1.538,38,1.54,6615,1.539208,2025-09-22 14:50:00+00:00
1758552780000,1.54,1.54,1.54,6,1.54,1005,1.54,2025-09-22 14:53:00+00:00
1758552840000,1.55,1.55,1.55,5,1.55,220,1.55,2025-09-22 14:54:00+00:00
1758552900000,1.55,1.55,1.55,6,1.55,390,1.55,2025-09-22 14:55:00+00:00
1758552960000,1.55,1.55,1.55,1,1.55,100,1.55,2025-09-22 14:56:00+00:00
1758553020000,1.55,1.55,1.55,5,1.55,330,1.55,2025-09-22 14:57:00+00:00
1758553080000,1.5445,1.55,1.54,7,1.54,1399,1.543345,2025-09-22 14:58:00+00:00
1758553140000,1.55,1.55,1.55,6,1.55,320,1.55,2025-09-22 14:59:00+00:00
1758553200000,1.58,1.64,1.55,170,1.55,22460,1.601568,2025-09-22 15:00:00+00:00
1758553260000,1.58,1.58,1.575,12,1.5757,1802,1.575706,2025-09-22 15:01:00+00:00
1758553320000,1.575,1.575,1.575,6,1.575,194,1.575,2025-09-22 15:02:00+00:00
1758553380000,1.58,1.58,1.58,1,1.58,200,1.58,2025-09-22 15:03:00+00:00
1758553440000,1.5701,1.575,1.5701,7,1.5744,1021,1.572558,2025-09-22 15:04:00+00:00
1758553500000,1.555,1.57,1.555,61,1.57,2305,1.561142,2025-09-22 15:05:00+00:00
1758553620000,1.555,1.555,1.555,9,1.555,305,1.555,2025-09-22 15:07:00+00:00
1758553680000,1.5593,1.56,1.5593,13,1.56,1041,1.559388,2025-09-22 15:08:00+00:00
1758553740000,1.56,1.56,1.56,7,1.56,305,1.56,2025-09-22 15:09:00+00:00
1758553800000,1.56,1.56,1.56,4,1.56,220,1.56,2025-09-22 15:10:00+00:00
1758553860000,1.56,1.56,1.56,3,1.56,204,1.56,2025-09-22 15:11:00+00:00
1758553920000,1.555,1.56,1.555,4,1.56,211,1.5575,2025-09-22 15:12:00+00:00
1758553980000,1.56,1.56,1.5501,10,1.5501,917,1.553531,2025-09-22 15:13:00+00:00
1758554040000,1.56,1.56,1.56,44,1.56,757,1.56,2025-09-22 15:14:00+00:00
1758554100000,1.58,1.585,1.57,6,1.57,826,1.580625,2025-09-22 15:15:00+00:00
1758554220000,1.59,1.59,1.59,10,1.59,1271,1.59,2025-09-22 15:17:00+00:00
1758554280000,1.5701,1.58,1.5701,18,1.58,4617,1.573323,2025-09-22 15:18:00+00:00
1758554340000,1.57,1.57,1.57,16,1.57,748,1.57,2025-09-22 15:19:00+00:00
1758554460000,1.58,1.58,1.58,6,1.58,320,1.58,2025-09-22 15:21:00+00:00
1758554520000,1.58,1.58,1.58,12,1.58,1120,1.58,2025-09-22 15:22:00+00:00
1758554580000,1.595,1.6,1.5801,5,1.6,1260,1.583,2025-09-22 15:23:00+00:00
1758554640000,1.61,1.61,1.61,4,1.61,262,1.61,2025-09-22 15:24:00+00:00
1758554700000,1.595,1.61,1.595,5,1.61,711,1.6,2025-09-22 15:25:00+00:00
1758554760000,1.6,1.61,1.6,4,1.6,530,1.606,2025-09-22 15:26:00+00:00
1758554820000,1.61,1.61,1.61,2,1.61,280,1.61,2025-09-22 15:27:00+00:00
1758554880000,1.6,1.61,1.598,21,1.6,1615,1.600515,2025-09-22 15:28:00+00:00
1758554940000,1.6,1.61,1.6,3,1.61,878,1.603417,2025-09-22 15:29:00+00:00
1758555000000,1.62,1.62,1.6,33,1.61,3361,1.609691,2025-09-22 15:30:00+00:00
1758555060000,1.64,1.65,1.62,210,1.62,28134,1.640787,2025-09-22 15:31:00+00:00
1758555120000,1.63,1.64,1.63,22,1.64,4033,1.6303,2025-09-22 15:32:00+00:00
1758555180000,1.6118,1.623,1.6118,8,1.6194,973,1.620913,2025-09-22 15:33:00+00:00
1758555360000,1.62,1.62,1.62,2,1.62,1030,1.62,2025-09-22 15:36:00+00:00
1758555420000,1.6122,1.6122,1.6122,2,1.6122,330,1.6122,2025-09-22 15:37:00+00:00
1758555480000,1.605,1.61,1.605,31,1.61,2749,1.609068,2025-09-22 15:38:00+00:00
1758555540000,1.6,1.6,1.6,29,1.6,6412,1.6,2025-09-22 15:39:00+00:00
1758555600000,1.59,1.59,1.59,3,1.59,484,1.59,2025-09-22 15:40:00+00:00
1758555780000,1.59,1.59,1.59,4,1.59,325,1.59,2025-09-22 15:43:00+00:00
1758555840000,1.595,1.595,1.5908,4,1.5935,2101,1.592543,2025-09-22 15:44:00+00:00
1758555900000,1.59,1.5993,1.59,5,1.5993,1606,1.59865,2025-09-22 15:45:00+00:00
1758556020000,1.59,1.59,1.59,12,1.59,2105,1.59,2025-09-22 15:47:00+00:00
1758556080000,1.5802,1.5802,1.5802,1,1.5802,1380,1.5802,2025-09-22 15:48:00+00:00
1758556140000,1.58,1.58,1.58,3,1.58,154,1.58,2025-09-22 15:49:00+00:00
1758556200000,1.59,1.59,1.585,48,1.585,2577,1.587964,2025-09-22 15:50:00+00:00
1758556320000,1.59,1.59,1.59,2,1.59,133,1.59,2025-09-22 15:52:00+00:00
1758556620000,1.58,1.58,1.58,3,1.58,394,1.58,2025-09-22 15:57:00+00:00
1758556680000,1.5844,1.5844,1.5844,1,1.5844,100,1.5844,2025-09-22 15:58:00+00:00
1758556740000,1.59,1.59,1.59,2,1.59,170,1.59,2025-09-22 15:59:00+00:00
1758557040000,1.57,1.58,1.57,29,1.58,8189,1.572079,2025-09-22 16:04:00+00:00
1758557100000,1.575,1.575,1.565,39,1.565,3654,1.569097,2025-09-22 16:05:00+00:00
1758557160000,1.5798,1.5798,1.575,3,1.575,271,1.5774,2025-09-22 16:06:00+00:00
1758557220000,1.58,1.58,1.58,4,1.58,530,1.58,2025-09-22 16:07:00+00:00
1758557280000,1.59,1.6,1.5899,59,1.59,5732,1.595863,2025-09-22 16:08:00+00:00
1758557340000,1.595,1.6,1.59,9,1.59,1310,1.596,2025-09-22 16:09:00+00:00
1758557400000,1.61,1.61,1.595,28,1.595,1574,1.600556,2025-09-22 16:10:00+00:00
1758557460000,1.6,1.6,1.6,3,1.6,4000,1.6,2025-09-22 16:11:00+00:00
1758557520000,1.59,1.602,1.59,9,1.602,2340,1.596372,2025-09-22 16:12:00+00:00
1758557580000,1.59,1.59,1.59,3,1.59,160,1.59,2025-09-22 16:13:00+00:00
1758557760000,1.595,1.6,1.595,8,1.6,705,1.597143,2025-09-22 16:16:00+00:00
1758557820000,1.59,1.59,1.59,2,1.59,220,1.59,2025-09-22 16:17:00+00:00
1758558000000,1.59,1.59,1.59,2,1.59,505,1.59,2025-09-22 16:20:00+00:00
1758558060000,1.595,1.595,1.595,1,1.595,250,1.595,2025-09-22 16:21:00+00:00
1758558180000,1.6,1.6,1.6,3,1.6,1058,1.6,2025-09-22 16:23:00+00:00
1758558240000,1.61,1.61,1.6,28,1.6,1289,1.605,2025-09-22 16:24:00+00:00
1758558480000,1.605,1.605,1.605,1,1.605,1314,1.605,2025-09-22 16:28:00+00:00
1758559020000,1.6089,1.6089,1.6089,1,1.6089,100,1.6089,2025-09-22 16:37:00+00:00
1758559080000,1.62,1.63,1.6091,47,1.6091,5428,1.616925,2025-09-22 16:38:00+00:00
1758559200000,1.62,1.62,1.619,6,1.6193,1500,1.61938,2025-09-22 16:40:00+00:00
1758559320000,1.62,1.62,1.6193,23,1.6193,4405,1.619629,2025-09-22 16:42:00+00:00
1758559380000,1.625,1.63,1.625,7,1.625,1630,1.629274,2025-09-22 16:43:00+00:00
1758559560000,1.625,1.6255,1.6206,6,1.6255,3512,1.624917,2025-09-22 16:46:00+00:00
1758559980000,1.62,1.625,1.615,28,1.625,4325,1.621224,2025-09-22 16:53:00+00:00
1758560040000,1.62,1.62,1.62,2,1.62,223,1.62,2025-09-22 16:54:00+00:00
1758560100000,1.6142,1.6142,1.6142,1,1.6142,1500,1.6142,2025-09-22 16:55:00+00:00
1758560280000,1.615,1.615,1.615,2,1.615,200,1.615,2025-09-22 16:58:00+00:00
1758560400000,1.615,1.615,1.615,2,1.615,210,1.615,2025-09-22 17:00:00+00:00
1758560520000,1.615,1.615,1.615,3,1.615,114,1.615,2025-09-22 17:02:00+00:00
1758560640000,1.63,1.63,1.615,17,1.615,2767,1.626655,2025-09-22 17:04:00+00:00
1758560820000,1.63,1.63,1.63,1,1.63,100,1.63,2025-09-22 17:07:00+00:00
1758560880000,1.63,1.63,1.63,2,1.63,1555,1.63,2025-09-22 17:08:00+00:00
1758560940000,1.63,1.63,1.63,2,1.63,101,1.63,2025-09-22 17:09:00+00:00
1758561120000,1.6398,1.6398,1.63,16,1.6398,8371,1.638844,2025-09-22 17:12:00+00:00
1758561180000,1.64,1.64,1.6392,24,1.6392,5496,1.639842,2025-09-22 17:13:00+00:00
1758561240000,1.645,1.6488,1.64,5,1.648,1606,1.642429,2025-09-22 17:14:00+00:00
1758561300000,1.6474,1.6474,1.6474,4,1.6474,225,1.6474,2025-09-22 17:15:00+00:00
1758561360000,1.645,1.645,1.6408,3,1.6408,1376,1.641833,2025-09-22 17:16:00+00:00
1758561540000,1.6494,1.6494,1.6494,3,1.6494,2008,1.6494,2025-09-22 17:19:00+00:00
1758561600000,1.6454,1.6454,1.645,5,1.645,1328,1.64508,2025-09-22 17:20:00+00:00
1758561780000,1.6493,1.6495,1.635,36,1.64,3628,1.640994,2025-09-22 17:23:00+00:00
1758562080000,1.635,1.64,1.635,4,1.64,1420,1.639286,2025-09-22 17:28:00+00:00
1758562440000,1.66,1.66,1.635,63,1.635,10066,1.647278,2025-09-22 17:34:00+00:00
1758562500000,1.65,1.66,1.65,28,1.655,4787,1.650669,2025-09-22 17:35:00+00:00
1758562560000,1.645,1.6474,1.645,6,1.6474,1005,1.646333,2025-09-22 17:36:00+00:00
1758562740000,1.649,1.65,1.645,14,1.65,1400,1.6478,2025-09-22 17:39:00+00:00
1758562980000,1.66,1.6699,1.645,27,1.645,3327,1.654987,2025-09-22 17:43:00+00:00
1758563040000,1.67,1.6789,1.6635,32,1.6635,8159,1.666864,2025-09-22 17:44:00+00:00
1758563100000,1.66,1.666,1.66,7,1.666,1255,1.665436,2025-09-22 17:45:00+00:00
1758563220000,1.665,1.665,1.665,3,1.665,445,1.665,2025-09-22 17:47:00+00:00
1758563280000,1.67,1.67,1.665,8,1.665,2000,1.66942,2025-09-22 17:48:00+00:00
1758563400000,1.668,1.668,1.66,3,1.661,676,1.661609,2025-09-22 17:50:00+00:00
1758563640000,1.67,1.67,1.67,4,1.67,161,1.67,2025-09-22 17:54:00+00:00
1758563700000,1.67,1.67,1.67,2,1.67,375,1.67,2025-09-22 17:55:00+00:00
1758563820000,1.665,1.665,1.665,1,1.665,128,1.665,2025-09-22 17:57:00+00:00
1758563940000,1.6501,1.66,1.6501,15,1.66,2229,1.654748,2025-09-22 17:59:00+00:00
1758564000000,1.65,1.65,1.65,10,1.65,3324,1.65,2025-09-22 18:00:00+00:00
1758564120000,1.65,1.66,1.65,2,1.66,1000,1.655,2025-09-22 18:02:00+00:00
1758564240000,1.6437,1.6437,1.6437,1,1.6437,100,1.6437,2025-09-22 18:04:00+00:00
1758564420000,1.665,1.665,1.65,30,1.65,2042,1.658788,2025-09-22 18:07:00+00:00
1758564480000,1.66,1.66,1.66,1,1.66,600,1.66,2025-09-22 18:08:00+00:00
1758564540000,1.64,1.661,1.64,25,1.66,12319,1.64522,2025-09-22 18:09:00+00:00
1758564720000,1.66,1.67,1.66,12,1.6606,1680,1.666239,2025-09-22 18:12:00+00:00
1758564960000,1.665,1.665,1.665,3,1.665,313,1.665,2025-09-22 18:16:00+00:00
1758565140000,1.665,1.665,1.665,1,1.665,100,1.665,2025-09-22 18:19:00+00:00
1758565260000,1.6699,1.67,1.665,13,1.67,6061,1.669753,2025-09-22 18:21:00+00:00
1758565320000,1.6699,1.67,1.665,5,1.665,601,1.667875,2025-09-22 18:22:00+00:00
1758565440000,1.67,1.68,1.665,53,1.67,7324,1.673396,2025-09-22 18:24:00+00:00
1758565560000,1.6708,1.6708,1.6707,5,1.6707,2004,1.670738,2025-09-22 18:26:00+00:00
1758565620000,1.6743,1.6743,1.6743,1,1.6743,470,1.6743,2025-09-22 18:27:00+00:00
1758565800000,1.6799,1.6799,1.6799,1,1.6799,1000,1.6799,2025-09-22 18:30:00+00:00
1758566280000,1.685,1.69,1.675,61,1.68,10350,1.680565,2025-09-22 18:38:00+00:00
1758566340000,1.7,1.7,1.6898,40,1.6898,8087,1.691286,2025-09-22 18:39:00+00:00
1758566400000,1.7,1.705,1.7,19,1.705,2336,1.701143,2025-09-22 18:40:00+00:00
1758566460000,1.695,1.7,1.695,2,1.7,220,1.697727,2025-09-22 18:41:00+00:00
1758566520000,1.665,1.6909,1.63,241,1.6909,26841,1.657627,2025-09-22 18:42:00+00:00
1758566580000,1.655,1.6565,1.655,6,1.655,10300,1.655735,2025-09-22 18:43:00+00:00
1758566640000,1.655,1.655,1.655,3,1.655,300,1.655,2025-09-22 18:44:00+00:00
1758566700000,1.6535,1.6535,1.6535,1,1.6535,1000,1.6535,2025-09-22 18:45:00+00:00
1758566820000,1.655,1.655,1.655,1,1.655,100,1.655,2025-09-22 18:47:00+00:00
1758566880000,1.66,1.66,1.655,5,1.6553,1755,1.658122,2025-09-22 18:48:00+00:00
1758567000000,1.68,1.68,1.655,26,1.655,5172,1.663688,2025-09-22 18:50:00+00:00
1758567180000,1.66,1.675,1.66,45,1.675,1741,1.670648,2025-09-22 18:53:00+00:00
1758567300000,1.6593,1.6593,1.6593,1,1.6593,415,1.6593,2025-09-22 18:55:00+00:00
1758567480000,1.65,1.65,1.65,1,1.65,400,1.65,2025-09-22 18:58:00+00:00
1758567540000,1.66,1.66,1.65,25,1.66,2056,1.657147,2025-09-22 18:59:00+00:00
1758567600000,1.67,1.67,1.6685,3,1.6685,1519,1.669403,2025-09-22 19:00:00+00:00
1758567660000,1.67,1.67,1.66,4,1.66,1070,1.661099,2025-09-22 19:01:00+00:00
1758567720000,1.655,1.66,1.655,19,1.66,1671,1.659643,2025-09-22 19:02:00+00:00
1758567780000,1.655,1.66,1.65,5,1.65,1100,1.652632,2025-09-22 19:03:00+00:00
1758567840000,1.665,1.665,1.655,21,1.655,4891,1.660729,2025-09-22 19:04:00+00:00
1758567960000,1.66,1.67,1.66,4,1.67,400,1.6625,2025-09-22 19:06:00+00:00
1758568080000,1.68,1.68,1.66,23,1.67,1632,1.671108,2025-09-22 19:08:00+00:00
1758568320000,1.6754,1.6754,1.67,9,1.67,705,1.671663,2025-09-22 19:12:00+00:00
1758568440000,1.6743,1.6743,1.6743,2,1.6743,1003,1.6743,2025-09-22 19:14:00+00:00
1758568620000,1.67,1.67,1.67,2,1.67,485,1.67,2025-09-22 19:17:00+00:00
1758568680000,1.67,1.67,1.67,2,1.67,599,1.67,2025-09-22 19:18:00+00:00
1758568740000,1.67,1.6706,1.67,14,1.6706,878,1.670212,2025-09-22 19:19:00+00:00
1758568800000,1.66,1.665,1.66,5,1.665,2427,1.660515,2025-09-22 19:20:00+00:00
1758568920000,1.7,1.7,1.665,76,1.67,13636,1.680328,2025-09-22 19:22:00+00:00
1758568980000,1.7,1.72,1.7,29,1.7,6550,1.704355,2025-09-22 19:23:00+00:00
1758569040000,1.71,1.71,1.7,22,1.7,3443,1.701803,2025-09-22 19:24:00+00:00
1758569100000,1.71,1.71,1.7,11,1.71,3860,1.707364,2025-09-22 19:25:00+00:00
1758569160000,1.71,1.71,1.7018,12,1.71,3800,1.708726,2025-09-22 19:26:00+00:00
1758569220000,1.71,1.71,1.705,9,1.71,1507,1.709067,2025-09-22 19:27:00+00:00
1758569280000,1.71,1.71,1.7,9,1.7,1977,1.705488,2025-09-22 19:28:00+00:00
1758569340000,1.7,1.71,1.7,12,1.71,1626,1.707344,2025-09-22 19:29:00+00:00
1758569400000,1.7,1.71,1.7,30,1.71,2496,1.704726,2025-09-22 19:30:00+00:00
1758569460000,1.7,1.7,1.6976,2,1.6976,577,1.699264,2025-09-22 19:31:00+00:00
1758569520000,1.695,1.698,1.695,4,1.698,1275,1.696181,2025-09-22 19:32:00+00:00
1758569580000,1.71,1.71,1.7,16,1.7,1036,1.701429,2025-09-22 19:33:00+00:00
1758569640000,1.705,1.71,1.705,8,1.705,4780,1.705638,2025-09-22 19:34:00+00:00
1758569700000,1.7095,1.7099,1.7095,4,1.7099,3173,1.709516,2025-09-22 19:35:00+00:00
1758569760000,1.705,1.71,1.705,17,1.705,4332,1.707172,2025-09-22 19:36:00+00:00
1758569820000,1.705,1.71,1.705,11,1.71,1170,1.706818,2025-09-22 19:37:00+00:00
1758569880000,1.71,1.71,1.705,11,1.7094,2705,1.709185,2025-09-22 19:38:00+00:00
1758569940000,1.705,1.71,1.705,4,1.71,701,1.708571,2025-09-22 19:39:00+00:00
1758570000000,1.725,1.725,1.7,116,1.7,17732,1.708764,2025-09-22 19:40:00+00:00
1758570060000,1.7247,1.73,1.7247,7,1.73,1852,1.727683,2025-09-22 19:41:00+00:00
1758570120000,1.73,1.73,1.725,12,1.73,1140,1.728889,2025-09-22 19:42:00+00:00
1758570180000,1.71,1.7299,1.7,24,1.725,3421,1.713633,2025-09-22 19:43:00+00:00
1758570240000,1.72,1.72,1.72,12,1.72,1070,1.72,2025-09-22 19:44:00+00:00
1758570300000,1.72,1.73,1.72,7,1.73,977,1.725625,2025-09-22 19:45:00+00:00
1758570360000,1.725,1.73,1.7202,32,1.7202,2853,1.728095,2025-09-22 19:46:00+00:00
1758570420000,1.73,1.73,1.73,9,1.73,305,1.73,2025-09-22 19:47:00+00:00
1758570480000,1.73,1.73,1.7201,21,1.7201,5343,1.722654,2025-09-22 19:48:00+00:00
1758570540000,1.7325,1.735,1.73,29,1.735,1468,1.733355,2025-09-22 19:49:00+00:00
1758570600000,1.7307,1.7312,1.7307,13,1.7312,690,1.730972,2025-09-22 19:50:00+00:00
1758570660000,1.7306,1.7306,1.7306,6,1.7306,531,1.7306,2025-09-22 19:51:00+00:00
1758570720000,1.75,1.75,1.735,176,1.735,4126,1.743738,2025-09-22 19:52:00+00:00
1758570780000,1.75,1.75,1.75,18,1.75,573,1.75,2025-09-22 19:53:00+00:00
1758570840000,1.75,1.75,1.7499,28,1.7499,5528,1.749986,2025-09-22 19:54:00+00:00
1758570900000,1.7509,1.755,1.75,17,1.755,1591,1.753129,2025-09-22 19:55:00+00:00
1758570960000,1.7549,1.755,1.75,11,1.75,957,1.753155,2025-09-22 19:56:00+00:00
1758571020000,1.73,1.75,1.73,62,1.75,4196,1.746506,2025-09-22 19:57:00+00:00
1758571080000,1.7108,1.73,1.7108,51,1.73,3631,1.718426,2025-09-22 19:58:00+00:00
1758571140000,1.71,1.72,1.71,56,1.715,3754,1.714236,2025-09-22 19:59:00+00:00
1758571200000,1.7,1.7,1.7,1,1.7,6950,1.7,2025-09-22 20:00:00+00:00
1758634200000,2.5198,2.59,2.44,1833,2.52,545598,2.51089,2025-09-23 13:30:00+00:00
1758634260000,2.5099,2.53,2.46,875,2.51,194249,2.492334,2025-09-23 13:31:00+00:00
1758634320000,2.4489,2.52,2.44,818,2.5,169332,2.47044,2025-09-23 13:32:00+00:00
1758634380000,2.395,2.4489,2.38,1268,2.4489,327853,2.409572,2025-09-23 13:33:00+00:00
1758634440000,2.36,2.4,2.33,1335,2.39,358370,2.358974,2025-09-23 13:34:00+00:00
1758634500000,2.355,2.38,2.35,467,2.3599,96391,2.36394,2025-09-23 13:35:00+00:00
1758634560000,2.3213,2.38,2.32,711,2.355,182054,2.339099,2025-09-23 13:36:00+00:00
1758634620000,2.3,2.33,2.27,1096,2.32,305789,2.303465,2025-09-23 13:37:00+00:00
1758634680000,2.279,2.3091,2.27,522,2.29,96188,2.285641,2025-09-23 13:38:00+00:00
1758634740000,2.2913,2.339,2.27,707,2.28,203652,2.307858,2025-09-23 13:39:00+00:00
1758634800000,2.34,2.34,2.27,637,2.295,185070,2.303209,2025-09-23 13:40:00+00:00
1758634860000,2.26,2.3335,2.24,762,2.33,220796,2.277696,2025-09-23 13:41:00+00:00
1758634920000,2.245,2.27,2.24,501,2.25,94241,2.254564,2025-09-23 13:42:00+00:00
1758634980000,2.26,2.27,2.24,304,2.2499,73091,2.254886,2025-09-23 13:43:00+00:00
1758635040000,2.265,2.28,2.26,247,2.265,56326,2.269512,2025-09-23 13:44:00+00:00
1758635100000,2.2455,2.28,2.23,581,2.27,113338,2.258681,2025-09-23 13:45:00+00:00
1758635160000,2.295,2.3,2.24,470,2.245,111077,2.266037,2025-09-23 13:46:00+00:00
1758635220000,2.2812,2.31,2.26,516,2.295,159905,2.292185,2025-09-23 13:47:00+00:00
1758635280000,2.32,2.37,2.285,816,2.285,236008,2.336991,2025-09-23 13:48:00+00:00
1758635340000,2.3101,2.32,2.28,439,2.315,133767,2.303518,2025-09-23 13:49:00+00:00
1758635400000,2.305,2.32,2.29,257,2.31,57071,2.308314,2025-09-23 13:50:00+00:00
1758635460000,2.31,2.32,2.295,225,2.3,57166,2.309783,2025-09-23 13:51:00+00:00
1758635520000,2.315,2.319,2.29,202,2.3,44789,2.304448,2025-09-23 13:52:00+00:00
1758635580000,2.3508,2.36,2.3109,426,2.315,135213,2.33583,2025-09-23 13:53:00+00:00
1758635640000,2.3489,2.36,2.33,358,2.35,101657,2.342704,2025-09-23 13:54:00+00:00
1758635700000,2.39,2.4099,2.34,479,2.3456,131306,2.363028,2025-09-23 13:55:00+00:00
1758635760000,2.4499,2.4599,2.385,1093,2.385,322386,2.433454,2025-09-23 13:56:00+00:00
1758635820000,2.38,2.48,2.36,1329,2.45,379717,2.429062,2025-09-23 13:57:00+00:00
1758635880000,2.415,2.42,2.37,336,2.37,79760,2.404678,2025-09-23 13:58:00+00:00
1758635940000,2.4613,2.48,2.4,794,2.41,213143,2.458146,2025-09-23 13:59:00+00:00
1758636000000,2.46,2.48,2.45,585,2.4691,180365,2.467558,2025-09-23 14:00:00+00:00
1758636060000,2.4192,2.47,2.405,683,2.47,201715,2.431058,2025-09-23 14:01:00+00:00
1758636120000,2.4589,2.47,2.4146,396,2.4192,142823,2.44781,2025-09-23 14:02:00+00:00
1758636180000,2.495,2.54,2.45,1336,2.457,432932,2.514472,2025-09-23 14:03:00+00:00
1758636240000,2.56,2.57,2.49,1242,2.4953,460622,2.53982,2025-09-23 14:04:00+00:00
1758636300000,2.6301,2.6697,2.54,2957,2.5591,801146,2.609117,2025-09-23 14:05:00+00:00
1758636360000,2.6756,2.74,2.63,3654,2.6392,943942,2.694522,2025-09-23 14:06:00+00:00
1758636420000,2.6689,2.7,2.66,1818,2.6791,444060,2.681914,2025-09-23 14:07:00+00:00
1758636480000,2.7103,2.77,2.66,2295,2.661,619055,2.719934,2025-09-23 14:08:00+00:00
1758636540000,2.6463,2.77,2.61,2992,2.7121,804438,2.690967,2025-09-23 14:09:00+00:00
1758636600000,2.6837,2.69,2.58,2234,2.6401,618952,2.629663,2025-09-23 14:10:00+00:00
1758636660000,2.56,2.69,2.54,1560,2.6899,422185,2.614827,2025-09-23 14:11:00+00:00
1758636720000,2.5697,2.58,2.54,1278,2.5595,304137,2.556632,2025-09-23 14:12:00+00:00
1758636780000,2.65,2.67,2.55,1252,2.57,376316,2.619388,2025-09-23 14:13:00+00:00
1758636840000,2.59,2.67,2.59,959,2.6492,251409,2.625676,2025-09-23 14:14:00+00:00
1758636900000,2.5901,2.6,2.57,722,2.59,163566,2.585616,2025-09-23 14:15:00+00:00
1758636960000,2.625,2.63,2.57,559,2.58,169151,2.602751,2025-09-23 14:16:00+00:00
1758637020000,2.7295,2.77,2.625,2340,2.625,703458,2.727674,2025-09-23 14:17:00+00:00
1758637080000,2.72,2.765,2.68,1676,2.7213,518970,2.73031,2025-09-23 14:18:00+00:00
1758637140000,2.7509,2.77,2.68,1874,2.73,543526,2.732872,2025-09-23 14:19:00+00:00
1758637200000,2.685,2.77,2.66,1806,2.7589,498035,2.720391,2025-09-23 14:20:00+00:00
1758637260000,2.73,2.76,2.66,882,2.6888,204764,2.720849,2025-09-23 14:21:00+00:00
1758637320000,2.72,2.76,2.71,937,2.7399,251560,2.736377,2025-09-23 14:22:00+00:00
1758637380000,2.63,2.75,2.57,2363,2.715,496605,2.640078,2025-09-23 14:23:00+00:00
1758637440000,2.6403,2.68,2.57,1218,2.6301,251201,2.610901,2025-09-23 14:24:00+00:00
1758637500000,2.745,2.755,2.645,1268,2.645,305155,2.701877,2025-09-23 14:25:00+00:00
1758637560000,2.8308,2.87,2.73,3895,2.75,1127699,2.807704,2025-09-23 14:26:00+00:00
1758637620000,2.9599,2.98,2.83,5142,2.835,1404125,2.940462,2025-09-23 14:27:00+00:00
1758637680000,2.93,3.04,2.92,5891,2.95,1495454,2.980108,2025-09-23 14:28:00+00:00
1758637740000,2.78,2.94,2.661,5558,2.93,1379323,2.806563,2025-09-23 14:29:00+00:00
1758637800000,2.679,2.79,2.61,3498,2.775,906852,2.687152,2025-09-23 14:30:00+00:00
1758637860000,2.66,2.71,2.645,1272,2.675,340633,2.673147,2025-09-23 14:31:00+00:00
1758637920000,2.615,2.74,2.58,2290,2.66,723100,2.642524,2025-09-23 14:32:00+00:00
1758637980000,2.54,2.655,2.54,1892,2.6191,476795,2.584453,2025-09-23 14:33:00+00:00
1758638040000,2.4813,2.56,2.47,2687,2.5411,815472,2.499811,2025-09-23 14:34:00+00:00
1758638100000,2.4944,2.51,2.48,772,2.48,202344,2.492913,2025-09-23 14:35:00+00:00
1758638160000,2.47,2.51,2.45,790,2.5,171921,2.478693,2025-09-23 14:36:00+00:00
1758638220000,2.46,2.48,2.44,776,2.475,207899,2.456822,2025-09-23 14:37:00+00:00
1758638280000,2.4813,2.5,2.44,694,2.465,187283,2.465526,2025-09-23 14:38:00+00:00
1758638340000,2.495,2.52,2.48,537,2.485,210290,2.498868,2025-09-23 14:39:00+00:00
1758638400000,2.46,2.5,2.45,490,2.5,142446,2.477568,2025-09-23 14:40:00+00:00
1758638460000,2.4502,2.46,2.42,539,2.455,140027,2.444424,2025-09-23 14:41:00+00:00
1758638520000,2.44,2.46,2.44,200,2.4571,47092,2.449756,2025-09-23 14:42:00+00:00
1758638580000,2.445,2.46,2.4,672,2.44,208790,2.426615,2025-09-23 14:43:00+00:00
1758638640000,2.435,2.47,2.42,345,2.4482,95361,2.449302,2025-09-23 14:44:00+00:00
1758638700000,2.451,2.48,2.43,265,2.4399,77861,2.456628,2025-09-23 14:45:00+00:00
1758638760000,2.465,2.47,2.43,190,2.46,77747,2.458474,2025-09-23 14:46:00+00:00
1758638820000,2.375,2.47,2.37,683,2.465,173010,2.416172,2025-09-23 14:47:00+00:00
1758638880000,2.3845,2.42,2.37,613,2.375,175002,2.388642,2025-09-23 14:48:00+00:00
1758638940000,2.3984,2.42,2.38,331,2.385,108389,2.392,2025-09-23 14:49:00+00:00
1758639000000,2.3991,2.4499,2.39,210,2.3991,50252,2.403165,2025-09-23 14:50:00+00:00
1758639060000,2.44,2.46,2.4,315,2.4,97591,2.441942,2025-09-23 14:51:00+00:00
1758639120000,2.405,2.45,2.405,176,2.45,33692,2.420164,2025-09-23 14:52:00+00:00
1758639180000,2.37,2.41,2.37,272,2.41,49377,2.386313,2025-09-23 14:53:00+00:00
1758639240000,2.4067,2.41,2.37,314,2.3757,91913,2.392463,2025-09-23 14:54:00+00:00
1758639300000,2.4296,2.43,2.4001,380,2.405,92659,2.41882,2025-09-23 14:55:00+00:00
1758639360000,2.41,2.43,2.4,109,2.4209,29051,2.411436,2025-09-23 14:56:00+00:00
1758639420000,2.4,2.42,2.4,88,2.4195,22872,2.40739,2025-09-23 14:57:00+00:00
1758639480000,2.47,2.48,2.4,291,2.4,75091,2.434761,2025-09-23 14:58:00+00:00
1758639540000,2.44,2.48,2.44,379,2.4699,133760,2.455718,2025-09-23 14:59:00+00:00
1758639600000,2.44,2.47,2.44,152,2.4489,32137,2.450625,2025-09-23 15:00:00+00:00
1758639660000,2.4201,2.45,2.42,169,2.4411,43274,2.435796,2025-09-23 15:01:00+00:00
1758639720000,2.4052,2.43,2.4,173,2.4207,32894,2.411896,2025-09-23 15:02:00+00:00
1758639780000,2.4109,2.4199,2.39,248,2.401,59508,2.40328,2025-09-23 15:03:00+00:00
1758639840000,2.4192,2.43,2.41,228,2.4152,64896,2.417151,2025-09-23 15:04:00+00:00
1758639900000,2.43,2.43,2.41,88,2.411,23587,2.418902,2025-09-23 15:05:00+00:00
1758639960000,2.385,2.43,2.38,263,2.4292,81784,2.403213,2025-09-23 15:06:00+00:00
1758640020000,2.4309,2.45,2.38,185,2.385,42349,2.413359,2025-09-23 15:07:00+00:00
1758640080000,2.4609,2.48,2.4395,362,2.4395,136856,2.463926,2025-09-23 15:08:00+00:00
1758640140000,2.4892,2.49,2.45,284,2.47,74302,2.479016,2025-09-23 15:09:00+00:00
1758640200000,2.48,2.49,2.48,127,2.4809,45056,2.483969,2025-09-23 15:10:00+00:00
1758640260000,2.435,2.49,2.42,206,2.48,77691,2.453566,2025-09-23 15:11:00+00:00
1758640320000,2.451,2.46,2.4393,100,2.4393,42122,2.448613,2025-09-23 15:12:00+00:00
1758640380000,2.453,2.48,2.45,178,2.455,49879,2.466432,2025-09-23 15:13:00+00:00
1758640440000,2.4692,2.48,2.452,123,2.452,34591,2.469659,2025-09-23 15:14:00+00:00
1758640500000,2.4689,2.4699,2.46,42,2.4699,9688,2.463791,2025-09-23 15:15:00+00:00
1758640560000,2.455,2.47,2.44,97,2.4643,18114,2.45168,2025-09-23 15:16:00+00:00
1758640620000,2.571,2.59,2.4501,670,2.4501,228439,2.532415,2025-09-23 15:17:00+00:00
1758640680000,2.515,2.59,2.51,514,2.58,154984,2.536345,2025-09-23 15:18:00+00:00
1758640740000,2.53,2.53,2.51,174,2.5199,64369,2.52255,2025-09-23 15:19:00+00:00
1758640800000,2.5308,2.54,2.52,256,2.521,67304,2.527752,2025-09-23 15:20:00+00:00
1758640860000,2.525,2.56,2.51,285,2.5308,86614,2.531801,2025-09-23 15:21:00+00:00
1758640920000,2.51,2.53,2.49,284,2.52,73884,2.505286,2025-09-23 15:22:00+00:00
1758640980000,2.5253,2.55,2.51,274,2.5107,38883,2.52971,2025-09-23 15:23:00+00:00
1758641040000,2.535,2.54,2.5101,159,2.53,49444,2.529266,2025-09-23 15:24:00+00:00
1758641100000,2.5591,2.5875,2.53,446,2.5391,118077,2.566585,2025-09-23 15:25:00+00:00
1758641160000,2.5499,2.5594,2.5344,169,2.5594,47710,2.542068,2025-09-23 15:26:00+00:00
1758641220000,2.5499,2.5699,2.52,154,2.54,34438,2.533819,2025-09-23 15:27:00+00:00
1758641280000,2.5301,2.55,2.53,103,2.5499,29758,2.541399,2025-09-23 15:28:00+00:00
1758641340000,2.545,2.56,2.53,104,2.5312,22776,2.53993,2025-09-23 15:29:00+00:00
1758641400000,2.53,2.55,2.53,78,2.545,16351,2.538102,2025-09-23 15:30:00+00:00
1758641460000,2.595,2.61,2.53,584,2.53,173701,2.584117,2025-09-23 15:31:00+00:00
1758641520000,2.5801,2.64,2.58,673,2.599,173213,2.609774,2025-09-23 15:32:00+00:00
1758641580000,2.595,2.6,2.58,251,2.5803,81784,2.591905,2025-09-23 15:33:00+00:00
1758641640000,2.585,2.6,2.57,210,2.5908,54203,2.592431,2025-09-23 15:34:00+00:00
1758641700000,2.51,2.59,2.51,392,2.575,110465,2.552379,2025-09-23 15:35:00+00:00
1758641760000,2.5299,2.53,2.5108,143,2.52,47653,2.520696,2025-09-23 15:36:00+00:00
1758641820000,2.53,2.53,2.51,111,2.52,22319,2.514861,2025-09-23 15:37:00+00:00
1758641880000,2.5201,2.54,2.51,146,2.53,31719,2.525532,2025-09-23 15:38:00+00:00
1758641940000,2.5394,2.55,2.515,109,2.5262,24591,2.535339,2025-09-23 15:39:00+00:00
1758642000000,2.5278,2.55,2.52,84,2.54,22930,2.535885,2025-09-23 15:40:00+00:00
1758642060000,2.5,2.53,2.48,336,2.5117,91219,2.5003,2025-09-23 15:41:00+00:00
1758642120000,2.49,2.51,2.47,290,2.5001,52619,2.484671,2025-09-23 15:42:00+00:00
1758642180000,2.47,2.5,2.47,338,2.495,96642,2.47862,2025-09-23 15:43:00+00:00
1758642240000,2.4999,2.4999,2.47,149,2.471,34241,2.481378,2025-09-23 15:44:00+00:00
1758642300000,2.475,2.5,2.47,76,2.495,13473,2.483084,2025-09-23 15:45:00+00:00
1758642360000,2.4901,2.4909,2.47,102,2.475,37701,2.483009,2025-09-23 15:46:00+00:00
1758642420000,2.5201,2.54,2.5,131,2.5,21919,2.514001,2025-09-23 15:47:00+00:00
1758642480000,2.53,2.54,2.52,116,2.525,22349,2.528687,2025-09-23 15:48:00+00:00
1758642540000,2.5309,2.54,2.52,65,2.52,15904,2.533804,2025-09-23 15:49:00+00:00
1758642600000,2.5,2.54,2.5,158,2.53,43429,2.505692,2025-09-23 15:50:00+00:00
1758642660000,2.5,2.51,2.48,114,2.5,26853,2.495067,2025-09-23 15:51:00+00:00
1758642720000,2.5116,2.5116,2.5,72,2.5,21971,2.502797,2025-09-23 15:52:00+00:00
1758642780000,2.55,2.55,2.51,142,2.52,24559,2.528588,2025-09-23 15:53:00+00:00
1758642840000,2.485,2.53,2.48,93,2.52,24234,2.504176,2025-09-23 15:54:00+00:00
1758642900000,2.505,2.505,2.48,71,2.4811,36422,2.498416,2025-09-23 15:55:00+00:00
1758642960000,2.4811,2.51,2.4811,97,2.51,31706,2.501329,2025-09-23 15:56:00+00:00
1758643020000,2.4693,2.5,2.46,230,2.4822,53901,2.472869,2025-09-23 15:57:00+00:00
1758643080000,2.4792,2.49,2.46,112,2.47,43070,2.473632,2025-09-23 15:58:00+00:00
1758643140000,2.485,2.49,2.47,56,2.475,12528,2.478833,2025-09-23 15:59:00+00:00
1758643200000,2.52,2.52,2.49,82,2.49,23698,2.504124,2025-09-23 16:00:00+00:00
1758643260000,2.52,2.55,2.51,148,2.52,35703,2.523939,2025-09-23 16:01:00+00:00
1758643320000,2.53,2.54,2.52,75,2.53,22240,2.528571,2025-09-23 16:02:00+00:00
1758643380000,2.54,2.55,2.52,108,2.54,39335,2.532594,2025-09-23 16:03:00+00:00
1758643440000,2.51,2.53,2.51,107,2.52,35749,2.520857,2025-09-23 16:04:00+00:00
1758643500000,2.5,2.53,2.5,120,2.5108,19961,2.515107,2025-09-23 16:05:00+00:00
1758643560000,2.5,2.52,2.49,78,2.51,18547,2.499321,2025-09-23 16:06:00+00:00
1758643620000,2.5044,2.5091,2.5,27,2.5091,3080,2.50351,2025-09-23 16:07:00+00:00
1758643680000,2.51,2.52,2.5,80,2.5089,16322,2.507475,2025-09-23 16:08:00+00:00
1758643740000,2.49,2.5,2.49,48,2.5,17686,2.494962,2025-09-23 16:09:00+00:00
1758643800000,2.4999,2.5,2.4901,22,2.4901,2530,2.497885,2025-09-23 16:10:00+00:00
1758643860000,2.5299,2.56,2.4901,351,2.4901,73876,2.529974,2025-09-23 16:11:00+00:00
1758643920000,2.48,2.5299,2.4601,145,2.5299,23875,2.48474,2025-09-23 16:12:00+00:00
1758643980000,2.475,2.49,2.47,87,2.4897,23896,2.480895,2025-09-23 16:13:00+00:00
1758644040000,2.4956,2.5,2.48,44,2.48,4720,2.489873,2025-09-23 16:14:00+00:00
1758644100000,2.49,2.5,2.49,41,2.495,7448,2.493539,2025-09-23 16:15:00+00:00
1758644160000,2.4997,2.5,2.49,25,2.4901,4815,2.494484,2025-09-23 16:16:00+00:00
1758644220000,2.495,2.5,2.49,35,2.495,4263,2.494676,2025-09-23 16:17:00+00:00
1758644280000,2.495,2.5,2.49,62,2.5,5377,2.494617,2025-09-23 16:18:00+00:00
1758644340000,2.5,2.5,2.49,25,2.495,3315,2.491609,2025-09-23 16:19:00+00:00
1758644400000,2.505,2.51,2.49,76,2.49,20629,2.502612,2025-09-23 16:20:00+00:00
1758644460000,2.48,2.51,2.48,85,2.5093,15923,2.49052,2025-09-23 16:21:00+00:00
1758644520000,2.4436,2.49,2.44,377,2.485,94902,2.456228,2025-09-23 16:22:00+00:00
1758644580000,2.47,2.47,2.44,105,2.4435,22050,2.456929,2025-09-23 16:23:00+00:00
1758644640000,2.4493,2.47,2.4401,56,2.4609,5912,2.449449,2025-09-23 16:24:00+00:00
1758644700000,2.445,2.45,2.44,50,2.4409,6660,2.445831,2025-09-23 16:25:00+00:00
1758644760000,2.4491,2.45,2.44,53,2.4465,21094,2.44489,2025-09-23 16:26:00+00:00
1758644820000,2.4436,2.45,2.44,38,2.4499,7967,2.442193,2025-09-23 16:27:00+00:00
1758644880000,2.4799,2.48,2.44,116,2.44,48306,2.470468,2025-09-23 16:28:00+00:00
1758644940000,2.535,2.55,2.478,245,2.478,69777,2.515183,2025-09-23 16:29:00+00:00
1758645000000,2.5298,2.54,2.52,105,2.531,33282,2.531917,2025-09-23 16:30:00+00:00
1758645060000,2.5293,2.54,2.52,185,2.5267,31814,2.529423,2025-09-23 16:31:00+00:00
1758645120000,2.5499,2.56,2.5201,199,2.5201,65189,2.545109,2025-09-23 16:32:00+00:00
1758645180000,2.568,2.568,2.53,176,2.55,44122,2.546381,2025-09-23 16:33:00+00:00
1758645240000,2.5601,2.57,2.55,106,2.568,23297,2.563653,2025-09-23 16:34:00+00:00
1758645300000,2.5305,2.58,2.53,186,2.5601,37528,2.559157,2025-09-23 16:35:00+00:00
1758645360000,2.52,2.54,2.51,114,2.53,28812,2.524668,2025-09-23 16:36:00+00:00
1758645420000,2.535,2.5399,2.51,51,2.5278,10893,2.530333,2025-09-23 16:37:00+00:00
1758645480000,2.5201,2.54,2.5201,94,2.53,12107,2.526762,2025-09-23 16:38:00+00:00
1758645540000,2.51,2.53,2.5025,70,2.5207,26468,2.516596,2025-09-23 16:39:00+00:00
1758645600000,2.515,2.53,2.51,34,2.5108,3704,2.514528,2025-09-23 16:40:00+00:00
1758645660000,2.52,2.53,2.51,54,2.51,12608,2.516841,2025-09-23 16:41:00+00:00
1758645720000,2.505,2.53,2.505,95,2.515,9612,2.518028,2025-09-23 16:42:00+00:00
1758645780000,2.5109,2.515,2.5001,34,2.5065,7181,2.508358,2025-09-23 16:43:00+00:00
1758645840000,2.515,2.515,2.51,18,2.51,2390,2.512258,2025-09-23 16:44:00+00:00
1758645900000,2.5192,2.5199,2.5111,45,2.515,2873,2.517245,2025-09-23 16:45:00+00:00
1758645960000,2.52,2.52,2.5122,12,2.52,2270,2.515951,2025-09-23 16:46:00+00:00
1758646020000,2.5002,2.52,2.5002,68,2.52,11718,2.508556,2025-09-23 16:47:00+00:00
1758646080000,2.552,2.555,2.5,151,2.5009,38662,2.530089,2025-09-23 16:48:00+00:00
1758646140000,2.5347,2.56,2.5335,83,2.56,30827,2.553554,2025-09-23 16:49:00+00:00
1758646200000,2.535,2.54,2.52,40,2.535,6166,2.531846,2025-09-23 16:50:00+00:00
1758646260000,2.5433,2.5433,2.53,24,2.53,7736,2.535795,2025-09-23 16:51:00+00:00
1758646320000,2.532,2.54,2.53,24,2.54,1732,2.532633,2025-09-23 16:52:00+00:00
1758646380000,2.539,2.54,2.5301,30,2.5302,7619,2.534479,2025-09-23 16:53:00+00:00
1758646440000,2.54,2.55,2.535,84,2.5389,35720,2.539704,2025-09-23 16:54:00+00:00
1758646500000,2.54,2.55,2.53,40,2.535,4792,2.53659,2025-09-23 16:55:00+00:00
1758646560000,2.5379,2.54,2.51,128,2.5399,32440,2.529638,2025-09-23 16:56:00+00:00
1758646620000,2.525,2.54,2.521,31,2.535,1680,2.529671,2025-09-23 16:57:00+00:00
1758646680000,2.52,2.5281,2.52,23,2.5256,5063,2.522633,2025-09-23 16:58:00+00:00
1758646740000,2.525,2.53,2.5201,30,2.53,5273,2.527226,2025-09-23 16:59:00+00:00
1758646800000,2.5856,2.6,2.525,257,2.525,73927,2.576385,2025-09-23 17:00:00+00:00
1758646860000,2.565,2.6,2.55,119,2.585,23078,2.572472,2025-09-23 17:01:00+00:00
1758646920000,2.565,2.57,2.545,82,2.565,35866,2.553964,2025-09-23 17:02:00+00:00
1758646980000,2.565,2.5689,2.5608,21,2.5608,3119,2.562425,2025-09-23 17:03:00+00:00
1758647040000,2.5501,2.575,2.5402,164,2.56,26371,2.561123,2025-09-23 17:04:00+00:00
1758647100000,2.5755,2.58,2.5502,62,2.56,7340,2.566883,2025-09-23 17:05:00+00:00
1758647160000,2.565,2.57,2.56,30,2.5694,5295,2.565799,2025-09-23 17:06:00+00:00
1758647220000,2.57,2.57,2.56,20,2.569,3167,2.566424,2025-09-23 17:07:00+00:00
1758647280000,2.585,2.59,2.56,57,2.56,25138,2.576448,2025-09-23 17:08:00+00:00
1758647340000,2.615,2.62,2.58,172,2.585,76917,2.60112,2025-09-23 17:09:00+00:00
1758647400000,2.6299,2.63,2.6,253,2.615,56430,2.620855,2025-09-23 17:10:00+00:00
1758647460000,2.61,2.63,2.6001,162,2.62,43761,2.617299,2025-09-23 17:11:00+00:00
1758647520000,2.6,2.62,2.6,84,2.62,17006,2.612963,2025-09-23 17:12:00+00:00
1758647580000,2.6108,2.62,2.6,50,2.6,12067,2.611183,2025-09-23 17:13:00+00:00
1758647640000,2.615,2.62,2.61,36,2.61,15033,2.614792,2025-09-23 17:14:00+00:00
1758647700000,2.665,2.67,2.61,350,2.615,80402,2.637326,2025-09-23 17:15:00+00:00
1758647760000,2.6601,2.67,2.6599,173,2.6688,39227,2.663099,2025-09-23 17:16:00+00:00
1758647820000,2.615,2.67,2.61,284,2.6613,74418,2.637396,2025-09-23 17:17:00+00:00
1758647880000,2.555,2.63,2.55,385,2.6113,76817,2.597776,2025-09-23 17:18:00+00:00
1758647940000,2.5213,2.5999,2.52,231,2.5588,71106,2.556458,2025-09-23 17:19:00+00:00
1758648000000,2.5556,2.5556,2.5205,59,2.5379,6444,2.546663,2025-09-23 17:20:00+00:00
1758648060000,2.53,2.56,2.53,88,2.55,22805,2.54388,2025-09-23 17:21:00+00:00
1758648120000,2.5399,2.55,2.5301,47,2.54,9190,2.539977,2025-09-23 17:22:00+00:00
1758648180000,2.54,2.54,2.5201,85,2.535,29456,2.529795,2025-09-23 17:23:00+00:00
1758648240000,2.56,2.58,2.55,85,2.55,13828,2.561453,2025-09-23 17:24:00+00:00
1758648300000,2.56,2.57,2.555,19,2.56,3062,2.558989,2025-09-23 17:25:00+00:00
1758648360000,2.5553,2.5553,2.5553,13,2.5553,338,2.5553,2025-09-23 17:26:00+00:00
1758648420000,2.56,2.56,2.53,97,2.55,13862,2.541199,2025-09-23 17:27:00+00:00
1758648480000,2.5401,2.55,2.54,18,2.55,1920,2.547519,2025-09-23 17:28:00+00:00
1758648540000,2.57,2.57,2.5408,49,2.545,29245,2.551048,2025-09-23 17:29:00+00:00
1758648600000,2.585,2.59,2.561,57,2.57,16035,2.581716,2025-09-23 17:30:00+00:00
1758648660000,2.5999,2.6,2.58,85,2.5884,13552,2.592998,2025-09-23 17:31:00+00:00
1758648720000,2.58,2.5999,2.58,52,2.5999,11841,2.587598,2025-09-23 17:32:00+00:00
1758648780000,2.585,2.59,2.58,28,2.58,5644,2.58661,2025-09-23 17:33:00+00:00
1758648840000,2.595,2.6,2.58,69,2.585,20854,2.591369,2025-09-23 17:34:00+00:00
1758648900000,2.5992,2.6,2.59,36,2.59,13573,2.593751,2025-09-23 17:35:00+00:00
1758648960000,2.6,2.62,2.59,169,2.599,26012,2.60017,2025-09-23 17:36:00+00:00
1758649020000,2.58,2.59,2.58,41,2.585,9831,2.58569,2025-09-23 17:37:00+00:00
1758649080000,2.56,2.58,2.56,85,2.58,18927,2.569092,2025-09-23 17:38:00+00:00
1758649140000,2.545,2.56,2.53,60,2.5501,36536,2.549475,2025-09-23 17:39:00+00:00
1758649200000,2.53,2.57,2.53,67,2.545,31398,2.545092,2025-09-23 17:40:00+00:00
1758649260000,2.534,2.5484,2.52,99,2.5201,15027,2.528209,2025-09-23 17:41:00+00:00
1758649320000,2.5349,2.54,2.52,59,2.54,16376,2.525778,2025-09-23 17:42:00+00:00
1758649380000,2.53,2.54,2.525,52,2.535,26691,2.53557,2025-09-23 17:43:00+00:00
1758649440000,2.5265,2.54,2.5211,33,2.5211,10995,2.529976,2025-09-23 17:44:00+00:00
1758649500000,2.53,2.53,2.5262,20,2.5299,2468,2.529038,2025-09-23 17:45:00+00:00
1758649560000,2.535,2.535,2.53,15,2.5308,4477,2.531089,2025-09-23 17:46:00+00:00
1758649620000,2.5399,2.54,2.53,51,2.535,9572,2.533517,2025-09-23 17:47:00+00:00
1758649680000,2.535,2.54,2.53,22,2.535,4069,2.535811,2025-09-23 17:48:00+00:00
1758649740000,2.615,2.64,2.53,270,2.54,103846,2.585826,2025-09-23 17:49:00+00:00
1758649800000,2.5916,2.63,2.59,102,2.6101,25303,2.611412,2025-09-23 17:50:00+00:00
1758649860000,2.6099,2.61,2.5917,51,2.6,10871,2.601055,2025-09-23 17:51:00+00:00
1758649920000,2.6101,2.63,2.6,58,2.61,15069,2.612416,2025-09-23 17:52:00+00:00
1758649980000,2.6,2.63,2.6,114,2.61,44489,2.611454,2025-09-23 17:53:00+00:00
1758650040000,2.6008,2.62,2.59,74,2.61,19102,2.601867,2025-09-23 17:54:00+00:00
1758650100000,2.5962,2.61,2.5815,50,2.6005,32049,2.600227,2025-09-23 17:55:00+00:00
1758650160000,2.607,2.61,2.5901,31,2.5901,4903,2.6037,2025-09-23 17:56:00+00:00
1758650220000,2.615,2.6153,2.6,28,2.6,5470,2.610758,2025-09-23 17:57:00+00:00
1758650280000,2.62,2.65,2.62,209,2.62,51186,2.63275,2025-09-23 17:58:00+00:00
1758650340000,2.605,2.64,2.6,213,2.62,49795,2.616798,2025-09-23 17:59:00+00:00
1758650400000,2.62,2.63,2.6,42,2.605,11250,2.609725,2025-09-23 18:00:00+00:00
1758650460000,2.62,2.63,2.6101,57,2.6206,13628,2.614789,2025-09-23 18:01:00+00:00
1758650520000,2.5983,2.62,2.58,126,2.6108,32015,2.600957,2025-09-23 18:02:00+00:00
1758650580000,2.59,2.59,2.5801,25,2.585,4065,2.583558,2025-09-23 18:03:00+00:00
1758650640000,2.565,2.59,2.565,88,2.585,22010,2.578961,2025-09-23 18:04:00+00:00
1758650700000,2.59,2.59,2.57,32,2.57,10867,2.58081,2025-09-23 18:05:00+00:00
1758650760000,2.5809,2.59,2.58,11,2.5892,7257,2.581237,2025-09-23 18:06:00+00:00
1758650820000,2.585,2.59,2.575,79,2.58,11942,2.580294,2025-09-23 18:07:00+00:00
1758650880000,2.5783,2.59,2.56,30,2.58,4855,2.577563,2025-09-23 18:08:00+00:00
1758650940000,2.56,2.57,2.56,23,2.57,1771,2.561314,2025-09-23 18:09:00+00:00
1758651000000,2.5393,2.57,2.53,202,2.565,27117,2.545793,2025-09-23 18:10:00+00:00
1758651060000,2.5434,2.55,2.53,37,2.5399,10224,2.533064,2025-09-23 18:11:00+00:00
1758651120000,2.5251,2.55,2.5209,46,2.54,6397,2.529739,2025-09-23 18:12:00+00:00
1758651180000,2.5309,2.5309,2.5201,67,2.525,14047,2.52618,2025-09-23 18:13:00+00:00
1758651240000,2.545,2.55,2.535,28,2.535,7522,2.543063,2025-09-23 18:14:00+00:00
1758651300000,2.55,2.55,2.535,92,2.5409,17963,2.54454,2025-09-23 18:15:00+00:00
1758651360000,2.535,2.535,2.535,13,2.535,2438,2.535,2025-09-23 18:16:00+00:00
1758651420000,2.5313,2.535,2.53,19,2.535,2353,2.532166,2025-09-23 18:17:00+00:00
1758651480000,2.531,2.5399,2.5301,17,2.535,2759,2.534711,2025-09-23 18:18:00+00:00
1758651540000,2.535,2.54,2.53,130,2.5347,16317,2.532812,2025-09-23 18:19:00+00:00
1758651600000,2.54,2.54,2.5301,20,2.535,4428,2.535954,2025-09-23 18:20:00+00:00
1758651660000,2.535,2.555,2.53,109,2.54,17963,2.539835,2025-09-23 18:21:00+00:00
1758651720000,2.5322,2.54,2.53,54,2.535,12657,2.532068,2025-09-23 18:22:00+00:00
1758651780000,2.5292,2.53,2.52,65,2.53,11844,2.520943,2025-09-23 18:23:00+00:00
1758651840000,2.54,2.5486,2.525,42,2.525,8882,2.537133,2025-09-23 18:24:00+00:00
1758651900000,2.535,2.55,2.535,26,2.54,4025,2.540931,2025-09-23 18:25:00+00:00
1758651960000,2.555,2.555,2.5301,39,2.5301,9400,2.542502,2025-09-23 18:26:00+00:00
1758652020000,2.56,2.56,2.555,31,2.555,10192,2.55782,2025-09-23 18:27:00+00:00
1758652080000,2.5568,2.56,2.551,52,2.5593,14928,2.558508,2025-09-23 18:28:00+00:00
1758652140000,2.56,2.56,2.55,32,2.56,5209,2.555029,2025-09-23 18:29:00+00:00
1758652200000,2.5899,2.59,2.555,94,2.56,18972,2.573659,2025-09-23 18:30:00+00:00
1758652260000,2.55,2.59,2.53,231,2.58,55870,2.559898,2025-09-23 18:31:00+00:00
1758652320000,2.5307,2.54,2.5301,19,2.54,7603,2.535328,2025-09-23 18:32:00+00:00
1758652380000,2.45,2.54,2.45,481,2.5353,96682,2.49423,2025-09-23 18:33:00+00:00
1758652440000,2.4456,2.46,2.43,184,2.4594,62057,2.444892,2025-09-23 18:34:00+00:00
1758652500000,2.45,2.45,2.44,103,2.445,19050,2.444608,2025-09-23 18:35:00+00:00
1758652560000,2.46,2.4699,2.44,66,2.44,29617,2.445957,2025-09-23 18:36:00+00:00
1758652620000,2.45,2.47,2.44,70,2.46,18896,2.448589,2025-09-23 18:37:00+00:00
1758652680000,2.4516,2.4688,2.4501,29,2.455,4788,2.456734,2025-09-23 18:38:00+00:00
1758652740000,2.45,2.47,2.43,96,2.4524,25730,2.445067,2025-09-23 18:39:00+00:00
1758652800000,2.44,2.45,2.43,46,2.445,8250,2.441273,2025-09-23 18:40:00+00:00
1758652860000,2.448,2.45,2.4391,26,2.445,3981,2.441932,2025-09-23 18:41:00+00:00
1758652920000,2.43,2.45,2.43,141,2.44,35728,2.437656,2025-09-23 18:42:00+00:00
1758652980000,2.4462,2.45,2.43,38,2.43,17235,2.437809,2025-09-23 18:43:00+00:00
1758653040000,2.455,2.46,2.445,43,2.45,18468,2.451343,2025-09-23 18:44:00+00:00
1758653100000,2.47,2.47,2.45,38,2.46,14571,2.457128,2025-09-23 18:45:00+00:00
1758653160000,2.5199,2.53,2.4525,295,2.4525,100245,2.495216,2025-09-23 18:46:00+00:00
1758653220000,2.52,2.53,2.5,123,2.5,22200,2.51679,2025-09-23 18:47:00+00:00
1758653280000,2.4999,2.5299,2.4817,175,2.52,16402,2.504006,2025-09-23 18:48:00+00:00
1758653340000,2.49,2.52,2.49,109,2.4901,15110,2.496504,2025-09-23 18:49:00+00:00
1758653400000,2.49,2.505,2.49,103,2.495,5631,2.492561,2025-09-23 18:50:00+00:00
1758653460000,2.4993,2.4993,2.49,97,2.49,6188,2.494192,2025-09-23 18:51:00+00:00
1758653520000,2.495,2.4999,2.4909,102,2.495,1978,2.494386,2025-09-23 18:52:00+00:00
1758653580000,2.51,2.51,2.49,106,2.49,12092,2.503287,2025-09-23 18:53:00+00:00
1758653640000,2.505,2.51,2.5,26,2.5,9635,2.502783,2025-09-23 18:54:00+00:00
1758653700000,2.4964,2.53,2.494,60,2.505,15752,2.510535,2025-09-23 18:55:00+00:00
1758653760000,2.49,2.51,2.49,11,2.49,1012,2.49669,2025-09-23 18:56:00+00:00
1758653820000,2.475,2.51,2.475,29,2.5006,6856,2.48933,2025-09-23 18:57:00+00:00
1758653880000,2.4806,2.5,2.4711,20,2.4711,3664,2.480269,2025-09-23 18:58:00+00:00
1758653940000,2.4701,2.5,2.47,42,2.48,15121,2.476493,2025-09-23 18:59:00+00:00
1758654000000,2.49,2.505,2.47,40,2.48,12755,2.490197,2025-09-23 19:00:00+00:00
1758654060000,2.52,2.52,2.5,47,2.5,10787,2.502593,2025-09-23 19:01:00+00:00
1758654120000,2.505,2.51,2.502,24,2.51,6915,2.505939,2025-09-23 19:02:00+00:00
1758654180000,2.495,2.51,2.495,50,2.51,5410,2.5018,2025-09-23 19:03:00+00:00
1758654240000,2.495,2.495,2.491,13,2.495,3539,2.493081,2025-09-23 19:04:00+00:00
1758654300000,2.48,2.5,2.47,80,2.495,17908,2.483879,2025-09-23 19:05:00+00:00
1758654360000,2.4702,2.475,2.47,19,2.47,3093,2.472964,2025-09-23 19:06:00+00:00
1758654420000,2.5,2.5,2.4702,73,2.4702,13871,2.489966,2025-09-23 19:07:00+00:00
1758654480000,2.51,2.51,2.5001,50,2.505,14742,2.50572,2025-09-23 19:08:00+00:00
1758654540000,2.5,2.51,2.49,61,2.5099,10936,2.499045,2025-09-23 19:09:00+00:00
1758654600000,2.495,2.5065,2.49,18,2.5065,9586,2.492107,2025-09-23 19:10:00+00:00
1758654660000,2.5,2.5,2.48,51,2.495,9336,2.493387,2025-09-23 19:11:00+00:00
1758654720000,2.5,2.5035,2.49,24,2.5035,2178,2.495244,2025-09-23 19:12:00+00:00
1758654780000,2.49,2.49,2.48,13,2.49,3688,2.481346,2025-09-23 19:13:00+00:00
1758654840000,2.49,2.5,2.48,26,2.48,5495,2.487745,2025-09-23 19:14:00+00:00
1758654900000,2.48,2.4906,2.48,25,2.49,2413,2.485509,2025-09-23 19:15:00+00:00
1758654960000,2.51,2.515,2.485,84,2.4984,13707,2.501506,2025-09-23 19:16:00+00:00
1758655020000,2.5,2.51,2.49,51,2.5,10624,2.495975,2025-09-23 19:17:00+00:00
1758655080000,2.5099,2.5099,2.49,38,2.49,4413,2.503453,2025-09-23 19:18:00+00:00
1758655140000,2.5001,2.5091,2.5001,16,2.505,2706,2.502428,2025-09-23 19:19:00+00:00
1758655200000,2.5058,2.5058,2.5001,10,2.5001,965,2.504606,2025-09-23 19:20:00+00:00
1758655260000,2.54,2.55,2.505,152,2.505,43468,2.53039,2025-09-23 19:21:00+00:00
1758655320000,2.5201,2.53,2.5118,19,2.5288,5691,2.521852,2025-09-23 19:22:00+00:00
1758655380000,2.52,2.53,2.51,86,2.525,15877,2.525485,2025-09-23 19:23:00+00:00
1758655440000,2.54,2.54,2.51,143,2.52,37815,2.528016,2025-09-23 19:24:00+00:00
1758655500000,2.52,2.56,2.51,162,2.53,36004,2.541042,2025-09-23 19:25:00+00:00
1758655560000,2.5092,2.53,2.5,83,2.525,16401,2.514476,2025-09-23 19:26:00+00:00
1758655620000,2.51,2.5191,2.5,70,2.5007,13201,2.508629,2025-09-23 19:27:00+00:00
1758655680000,2.55,2.5589,2.5101,124,2.515,43879,2.535684,2025-09-23 19:28:00+00:00
1758655740000,2.55,2.55,2.5401,32,2.55,5194,2.548418,2025-09-23 19:29:00+00:00
1758655800000,2.56,2.57,2.55,123,2.55,25619,2.558757,2025-09-23 19:30:00+00:00
1758655860000,2.5653,2.57,2.5528,65,2.554,26364,2.563101,2025-09-23 19:31:00+00:00
1758655920000,2.56,2.57,2.56,53,2.565,15622,2.563589,2025-09-23 19:32:00+00:00
1758655980000,2.57,2.58,2.54,213,2.57,39720,2.561292,2025-09-23 19:33:00+00:00
1758656040000,2.6162,2.62,2.5785,277,2.58,123204,2.601249,2025-09-23 19:34:00+00:00
1758656100000,2.595,2.62,2.59,112,2.61,36254,2.602867,2025-09-23 19:35:00+00:00
1758656160000,2.5965,2.6,2.58,54,2.5901,23193,2.591114,2025-09-23 19:36:00+00:00
1758656220000,2.58,2.6,2.58,144,2.595,19567,2.588438,2025-09-23 19:37:00+00:00
1758656280000,2.57,2.58,2.555,102,2.575,22119,2.563726,2025-09-23 19:38:00+00:00
1758656340000,2.565,2.5692,2.56,27,2.5603,8020,2.562539,2025-09-23 19:39:00+00:00
1758656400000,2.58,2.58,2.56,52,2.565,18467,2.565671,2025-09-23 19:40:00+00:00
1758656460000,2.57,2.58,2.5602,25,2.5602,6443,2.572969,2025-09-23 19:41:00+00:00
1758656520000,2.575,2.575,2.57,17,2.575,2063,2.574696,2025-09-23 19:42:00+00:00
1758656580000,2.562,2.57,2.55,122,2.57,44387,2.557881,2025-09-23 19:43:00+00:00
1758656640000,2.565,2.5653,2.56,23,2.56,3607,2.561389,2025-09-23 19:44:00+00:00
1758656700000,2.56,2.59,2.54,348,2.56,41695,2.561436,2025-09-23 19:45:00+00:00
1758656760000,2.54,2.563,2.52,162,2.563,32635,2.541045,2025-09-23 19:46:00+00:00
1758656820000,2.5353,2.5389,2.53,27,2.53,2225,2.534145,2025-09-23 19:47:00+00:00
1758656880000,2.55,2.57,2.52,159,2.54,45184,2.552559,2025-09-23 19:48:00+00:00
1758656940000,2.53,2.55,2.53,40,2.55,9746,2.539746,2025-09-23 19:49:00+00:00
1758657000000,2.552,2.56,2.53,84,2.53,28815,2.546364,2025-09-23 19:50:00+00:00
1758657060000,2.56,2.56,2.53,96,2.55,49413,2.548865,2025-09-23 19:51:00+00:00
1758657120000,2.57,2.57,2.55,36,2.56,12298,2.563507,2025-09-23 19:52:00+00:00
1758657180000,2.575,2.5782,2.56,89,2.56,32709,2.569347,2025-09-23 19:53:00+00:00
1758657240000,2.59,2.61,2.57,298,2.58,74449,2.594223,2025-09-23 19:54:00+00:00
1758657300000,2.6388,2.67,2.58,297,2.59,90799,2.63861,2025-09-23 19:55:00+00:00
1758657360000,2.66,2.67,2.63,298,2.64,45796,2.645747,2025-09-23 19:56:00+00:00
1758657420000,2.6311,2.6582,2.63,103,2.65,22827,2.632681,2025-09-23 19:57:00+00:00
1758657480000,2.615,2.65,2.6,359,2.632,66345,2.626869,2025-09-23 19:58:00+00:00
1758657540000,2.58,2.64,2.56,467,2.61,123981,2.590242,2025-09-23 19:59:00+00:00
1758657600000,2.6,2.6,2.57,46,2.57,33175,2.590287,2025-09-23 20:00:00+00:00
